tm,DVm,PVm
0.000000000000000000e+00,0.000000000000000000e+00,0.000000000000000000e+00
1.000000000000000000e+00,1.000000000000000000e+00,7.999999999999118927e-04
2.000000000000000000e+00,1.000000000000000000e+00,7.999999999999118927e-04
3.000000000000000000e+00,1.000000000000000000e+00,0.000000000000000000e+00
4.000000000000000000e+00,1.000000000000000000e+00,-8.250000000000312205e-04
5.000000000000000000e+00,1.000000000000000000e+00,-8.250000000000312205e-04
6.000000000000000000e+00,1.000000000000000000e+00,-8.250000000000312205e-04
7.000000000000000000e+00,1.000000000000000000e+00,-8.250000000000312205e-04
8.000000000000000000e+00,1.000000000000000000e+00,2.400000000000090863e-03
9.000000000000000000e+00,1.000000000000000000e+00,4.824999999999945652e-03
1.000000000000000000e+01,1.000000000000000000e+00,7.250000000000156493e-03
1.100000000000000000e+01,1.000000000000000000e+00,7.250000000000156493e-03
1.200000000000000000e+01,1.000000000000000000e+00,7.250000000000156493e-03
1.300000000000000000e+01,1.000000000000000000e+00,1.127500000000019112e-02
1.400000000000000000e+01,1.000000000000000000e+00,1.287500000000001490e-02
1.500000000000000000e+01,1.000000000000000000e+00,1.287500000000001490e-02
1.600000000000000000e+01,1.000000000000000000e+00,1.287500000000001490e-02
1.700000000000000000e+01,1.000000000000000000e+00,1.367499999999992680e-02
1.800000000000000000e+01,1.000000000000000000e+00,1.287500000000001490e-02
1.900000000000000000e+01,1.000000000000000000e+00,1.367499999999992680e-02
2.000000000000000000e+01,1.000000000000000000e+00,1.367499999999992680e-02
2.100000000000000000e+01,1.000000000000000000e+00,1.367499999999992680e-02
2.200000000000000000e+01,1.000000000000000000e+00,1.530000000000022488e-02
2.300000000000000000e+01,1.000000000000000000e+00,1.530000000000022488e-02
2.400000000000000000e+01,1.000000000000000000e+00,1.530000000000022488e-02
2.500000000000000000e+01,1.000000000000000000e+00,1.610000000000013504e-02
2.600000000000000000e+01,1.000000000000000000e+00,1.610000000000013504e-02
2.700000000000000000e+01,1.000000000000000000e+00,1.772500000000008097e-02
2.800000000000000000e+01,1.000000000000000000e+00,2.092500000000008242e-02
2.900000000000000000e+01,1.000000000000000000e+00,2.092500000000008242e-02
3.000000000000000000e+01,1.000000000000000000e+00,2.255000000000002489e-02
3.100000000000000000e+01,1.000000000000000000e+00,2.334999999999993678e-02
3.200000000000000000e+01,1.000000000000000000e+00,2.334999999999993678e-02
3.300000000000000000e+01,1.000000000000000000e+00,2.334999999999993678e-02
3.400000000000000000e+01,1.000000000000000000e+00,2.334999999999993678e-02
3.500000000000000000e+01,1.000000000000000000e+00,2.737499999999997227e-02
3.600000000000000000e+01,1.000000000000000000e+00,3.140000000000000430e-02
3.700000000000000000e+01,1.000000000000000000e+00,3.140000000000000430e-02
3.800000000000000000e+01,1.000000000000000000e+00,3.222500000000003834e-02
3.900000000000000000e+01,1.000000000000000000e+00,3.947500000000019049e-02
4.000000000000000000e+01,1.000000000000000000e+00,3.947500000000019049e-02
4.100000000000000000e+01,1.000000000000000000e+00,3.947500000000019049e-02
4.200000000000000000e+01,1.000000000000000000e+00,3.947500000000019049e-02
4.300000000000000000e+01,1.000000000000000000e+00,4.027500000000010238e-02
4.400000000000000000e+01,1.000000000000000000e+00,4.589999999999996166e-02
4.500000000000000000e+01,1.000000000000000000e+00,4.752499999999990760e-02
4.600000000000000000e+01,1.000000000000000000e+00,4.752499999999990760e-02
4.700000000000000000e+01,1.000000000000000000e+00,4.752499999999990760e-02
4.800000000000000000e+01,1.000000000000000000e+00,4.752499999999990760e-02
4.900000000000000000e+01,1.000000000000000000e+00,5.315000000000012076e-02
5.000000000000000000e+01,1.000000000000000000e+00,5.557499999999997164e-02
5.100000000000000000e+01,1.000000000000000000e+00,5.557499999999997164e-02
5.200000000000000000e+01,1.000000000000000000e+00,5.557499999999997164e-02
5.300000000000000000e+01,1.000000000000000000e+00,6.122499999999995307e-02
5.400000000000000000e+01,1.000000000000000000e+00,6.362500000000004263e-02
5.500000000000000000e+01,1.000000000000000000e+00,6.362500000000004263e-02
5.600000000000000000e+01,1.000000000000000000e+00,6.445000000000007667e-02
5.700000000000000000e+01,1.000000000000000000e+00,7.007499999999992901e-02
5.800000000000000000e+01,1.000000000000000000e+00,7.170000000000023577e-02
5.900000000000000000e+01,1.000000000000000000e+00,7.170000000000023577e-02
6.000000000000000000e+01,1.000000000000000000e+00,7.652500000000017621e-02
6.100000000000000000e+01,1.000000000000000000e+00,7.974999999999994593e-02
6.200000000000000000e+01,1.000000000000000000e+00,8.780000000000001692e-02
6.300000000000000000e+01,1.000000000000000000e+00,8.780000000000001692e-02
6.400000000000000000e+01,1.000000000000000000e+00,8.780000000000001692e-02
6.500000000000000000e+01,1.000000000000000000e+00,9.182500000000004547e-02
6.600000000000000000e+01,1.000000000000000000e+00,9.585000000000007403e-02
6.700000000000000000e+01,1.000000000000000000e+00,9.585000000000007403e-02
6.800000000000000000e+01,1.000000000000000000e+00,9.585000000000007403e-02
6.900000000000000000e+01,1.000000000000000000e+00,9.827499999999993185e-02
7.000000000000000000e+01,1.000000000000000000e+00,1.031249999999999944e-01
7.100000000000000000e+01,1.000000000000000000e+00,1.039249999999999063e-01
7.200000000000000000e+01,1.000000000000000000e+00,1.039249999999999063e-01
7.300000000000000000e+01,1.000000000000000000e+00,1.039249999999999063e-01
7.400000000000000000e+01,1.000000000000000000e+00,1.071500000000000369e-01
7.500000000000000000e+01,1.000000000000000000e+00,1.119749999999999773e-01
7.600000000000000000e+01,1.000000000000000000e+00,1.119749999999999773e-01
7.700000000000000000e+01,1.000000000000000000e+00,1.119749999999999773e-01
7.800000000000000000e+01,1.000000000000000000e+00,1.192250000000001364e-01
7.900000000000000000e+01,1.000000000000000000e+00,1.200250000000000483e-01
8.000000000000000000e+01,1.000000000000000000e+00,1.208500000000000824e-01
8.100000000000000000e+01,1.000000000000000000e+00,1.248750000000001109e-01
8.200000000000000000e+01,1.000000000000000000e+00,1.281000000000002415e-01
8.300000000000000000e+01,1.000000000000000000e+00,1.281000000000002415e-01
8.400000000000000000e+01,1.000000000000000000e+00,1.321249999999999092e-01
8.500000000000000000e+01,1.000000000000000000e+00,1.361499999999999377e-01
8.600000000000000000e+01,1.000000000000000000e+00,1.361499999999999377e-01
8.700000000000000000e+01,1.000000000000000000e+00,1.426000000000001988e-01
8.800000000000000000e+01,1.000000000000000000e+00,1.442000000000000226e-01
8.900000000000000000e+01,1.000000000000000000e+00,1.449999999999999345e-01
9.000000000000000000e+01,1.000000000000000000e+00,1.482250000000000512e-01
9.100000000000000000e+01,1.000000000000000000e+00,1.522500000000000797e-01
9.200000000000000000e+01,1.000000000000000000e+00,1.530750000000001276e-01
9.300000000000000000e+01,1.000000000000000000e+00,1.562750000000001083e-01
9.400000000000000000e+01,1.000000000000000000e+00,1.603249999999999120e-01
9.500000000000000000e+01,1.000000000000000000e+00,1.603249999999999120e-01
9.600000000000000000e+01,1.000000000000000000e+00,1.643499999999999406e-01
9.700000000000000000e+01,1.000000000000000000e+00,1.683749999999999969e-01
9.800000000000000000e+01,1.000000000000000000e+00,1.691749999999999088e-01
9.900000000000000000e+01,1.000000000000000000e+00,1.740000000000002101e-01
1.000000000000000000e+02,1.000000000000000000e+00,1.764250000000000540e-01
1.010000000000000000e+02,1.000000000000000000e+00,1.764250000000000540e-01
1.020000000000000000e+02,1.000000000000000000e+00,1.804500000000000826e-01
1.030000000000000000e+02,1.000000000000000000e+00,1.844750000000001111e-01
1.040000000000000000e+02,1.000000000000000000e+00,1.844750000000001111e-01
1.050000000000000000e+02,1.000000000000000000e+00,1.909250000000000114e-01
1.060000000000000000e+02,1.000000000000000000e+00,1.925499999999996104e-01
1.070000000000000000e+02,1.000000000000000000e+00,1.925499999999996104e-01
1.080000000000000000e+02,1.000000000000000000e+00,1.998000000000001164e-01
1.090000000000000000e+02,1.000000000000000000e+00,2.006000000000000283e-01
1.100000000000000000e+02,1.000000000000000000e+00,2.013999999999995794e-01
1.110000000000000000e+02,1.000000000000000000e+00,2.070499999999995677e-01
1.120000000000000000e+02,1.000000000000000000e+00,2.086500000000000854e-01
1.130000000000000000e+02,1.000000000000000000e+00,2.102750000000000452e-01
1.140000000000000000e+02,1.000000000000000000e+00,2.167000000000001703e-01
1.150000000000000000e+02,1.000000000000000000e+00,2.167000000000001703e-01
1.160000000000000000e+02,1.000000000000000000e+00,2.167000000000001703e-01
1.170000000000000000e+02,1.000000000000000000e+00,2.199249999999995653e-01
1.180000000000000000e+02,1.000000000000000000e+00,2.247749999999996418e-01
1.190000000000000000e+02,1.000000000000000000e+00,2.247749999999996418e-01
1.200000000000000000e+02,1.000000000000000000e+00,2.312250000000002359e-01
1.210000000000000000e+02,1.000000000000000000e+00,2.328250000000000597e-01
1.220000000000000000e+02,1.000000000000000000e+00,2.328250000000000597e-01
1.230000000000000000e+02,1.000000000000000000e+00,2.352499999999995706e-01
1.240000000000000000e+02,1.000000000000000000e+00,2.408750000000001168e-01
1.250000000000000000e+02,1.000000000000000000e+00,2.408750000000001168e-01
1.260000000000000000e+02,1.000000000000000000e+00,2.440999999999995396e-01
1.270000000000000000e+02,1.000000000000000000e+00,2.489499999999996160e-01
1.280000000000000000e+02,1.000000000000000000e+00,2.489499999999996160e-01
1.290000000000000000e+02,1.000000000000000000e+00,2.489499999999996160e-01
1.300000000000000000e+02,1.000000000000000000e+00,2.553750000000000742e-01
1.310000000000000000e+02,1.000000000000000000e+00,2.570000000000000062e-01
1.320000000000000000e+02,1.000000000000000000e+00,2.570000000000000062e-01
1.330000000000000000e+02,1.000000000000000000e+00,2.594000000000001305e-01
1.340000000000000000e+02,1.000000000000000000e+00,2.650500000000001188e-01
1.350000000000000000e+02,1.000000000000000000e+00,2.650500000000001188e-01
1.360000000000000000e+02,1.000000000000000000e+00,2.658499999999996422e-01
1.370000000000000000e+02,1.000000000000000000e+00,2.731000000000001759e-01
1.380000000000000000e+02,1.000000000000000000e+00,2.731000000000001759e-01
1.390000000000000000e+02,1.000000000000000000e+00,2.731000000000001759e-01
1.400000000000000000e+02,1.000000000000000000e+00,2.795500000000000762e-01
1.410000000000000000e+02,1.000000000000000000e+00,2.811749999999996197e-01
1.420000000000000000e+02,1.000000000000000000e+00,2.811749999999996197e-01
1.430000000000000000e+02,1.000000000000000000e+00,2.852000000000000091e-01
1.440000000000000000e+02,1.000000000000000000e+00,2.892250000000000654e-01
1.450000000000000000e+02,1.000000000000000000e+00,2.892250000000000654e-01
1.460000000000000000e+02,1.000000000000000000e+00,2.908249999999995561e-01
1.470000000000000000e+02,1.000000000000000000e+00,2.940500000000000336e-01
1.480000000000000000e+02,1.000000000000000000e+00,2.964750000000002106e-01
1.490000000000000000e+02,1.000000000000000000e+00,2.972750000000001225e-01
1.500000000000000000e+02,1.000000000000000000e+00,2.972750000000001225e-01
1.510000000000000000e+02,1.000000000000000000e+00,3.013000000000001788e-01
1.520000000000000000e+02,1.000000000000000000e+00,3.053250000000001796e-01
1.530000000000000000e+02,1.000000000000000000e+00,3.053250000000001796e-01
1.540000000000000000e+02,1.000000000000000000e+00,3.053250000000001796e-01
1.550000000000000000e+02,1.000000000000000000e+00,3.117750000000000798e-01
1.560000000000000000e+02,1.000000000000000000e+00,3.134000000000000119e-01
1.570000000000000000e+02,1.000000000000000000e+00,3.134000000000000119e-01
1.580000000000000000e+02,1.000000000000000000e+00,3.150000000000002243e-01
1.590000000000000000e+02,1.000000000000000000e+00,3.166250000000001563e-01
1.600000000000000000e+02,1.000000000000000000e+00,3.214500000000001245e-01
1.610000000000000000e+02,1.000000000000000000e+00,3.214500000000001245e-01
1.620000000000000000e+02,1.000000000000000000e+00,3.214500000000001245e-01
1.630000000000000000e+02,1.000000000000000000e+00,3.214500000000001245e-01
1.640000000000000000e+02,1.000000000000000000e+00,3.271000000000000574e-01
1.650000000000000000e+02,1.000000000000000000e+00,3.295000000000001816e-01
1.660000000000000000e+02,1.000000000000000000e+00,3.295000000000001816e-01
1.670000000000000000e+02,1.000000000000000000e+00,3.295000000000001816e-01
1.680000000000000000e+02,1.000000000000000000e+00,3.303000000000000935e-01
1.690000000000000000e+02,1.000000000000000000e+00,3.359500000000000819e-01
1.700000000000000000e+02,1.000000000000000000e+00,3.375499999999995171e-01
1.710000000000000000e+02,1.000000000000000000e+00,3.375499999999995171e-01
1.720000000000000000e+02,1.000000000000000000e+00,3.375499999999995171e-01
1.730000000000000000e+02,1.000000000000000000e+00,3.416000000000000147e-01
1.740000000000000000e+02,1.000000000000000000e+00,3.456250000000000711e-01
1.750000000000000000e+02,1.000000000000000000e+00,3.456250000000000711e-01
1.760000000000000000e+02,1.000000000000000000e+00,3.456250000000000711e-01
1.770000000000000000e+02,1.000000000000000000e+00,3.464249999999996499e-01
1.780000000000000000e+02,1.000000000000000000e+00,3.504500000000000393e-01
1.790000000000000000e+02,1.000000000000000000e+00,3.536750000000001282e-01
1.800000000000000000e+02,1.000000000000000000e+00,3.536750000000001282e-01
1.810000000000000000e+02,1.000000000000000000e+00,3.536750000000001282e-01
1.820000000000000000e+02,1.000000000000000000e+00,3.536750000000001282e-01
1.830000000000000000e+02,1.000000000000000000e+00,3.536750000000001282e-01
1.840000000000000000e+02,1.000000000000000000e+00,3.585000000000000964e-01
1.850000000000000000e+02,1.000000000000000000e+00,3.601250000000000284e-01
1.860000000000000000e+02,1.000000000000000000e+00,3.617250000000001853e-01
1.870000000000000000e+02,1.000000000000000000e+00,3.617250000000001853e-01
1.880000000000000000e+02,1.000000000000000000e+00,3.617250000000001853e-01
1.890000000000000000e+02,1.000000000000000000e+00,3.625250000000000972e-01
1.900000000000000000e+02,1.000000000000000000e+00,3.641500000000000847e-01
1.910000000000000000e+02,1.000000000000000000e+00,3.689749999999996644e-01
1.920000000000000000e+02,1.000000000000000000e+00,3.698000000000000176e-01
1.930000000000000000e+02,1.000000000000000000e+00,3.698000000000000176e-01
1.940000000000000000e+02,1.000000000000000000e+00,3.705999999999995964e-01
1.950000000000000000e+02,1.000000000000000000e+00,3.754249999999995646e-01
1.960000000000000000e+02,1.000000000000000000e+00,3.778500000000001302e-01
1.970000000000000000e+02,1.000000000000000000e+00,3.786500000000000421e-01
1.980000000000000000e+02,1.000000000000000000e+00,3.794499999999995654e-01
1.990000000000000000e+02,1.000000000000000000e+00,3.826750000000000429e-01
2.000000000000000000e+02,1.000000000000000000e+00,3.859000000000001873e-01
2.010000000000000000e+02,1.000000000000000000e+00,3.859000000000001873e-01
2.020000000000000000e+02,1.000000000000000000e+00,3.859000000000001873e-01
2.030000000000000000e+02,1.000000000000000000e+00,3.859000000000001873e-01
2.040000000000000000e+02,1.000000000000000000e+00,3.915500000000001757e-01
2.050000000000000000e+02,1.000000000000000000e+00,3.931499999999996109e-01
2.060000000000000000e+02,1.000000000000000000e+00,3.939499999999995228e-01
2.070000000000000000e+02,1.000000000000000000e+00,3.939499999999995228e-01
2.080000000000000000e+02,1.000000000000000000e+00,3.955750000000001765e-01
2.090000000000000000e+02,1.000000000000000000e+00,3.979749999999995791e-01
2.100000000000000000e+02,1.000000000000000000e+00,4.004000000000001447e-01
2.110000000000000000e+02,1.000000000000000000e+00,4.020250000000000767e-01
2.120000000000000000e+02,1.000000000000000000e+00,4.020250000000000767e-01
2.130000000000000000e+02,1.000000000000000000e+00,4.020250000000000767e-01
2.140000000000000000e+02,1.000000000000000000e+00,4.060500000000001330e-01
2.150000000000000000e+02,1.000000000000000000e+00,4.092750000000002220e-01
2.160000000000000000e+02,1.000000000000000000e+00,4.100750000000001338e-01
2.170000000000000000e+02,1.000000000000000000e+00,4.100750000000001338e-01
2.180000000000000000e+02,1.000000000000000000e+00,4.108750000000000457e-01
2.190000000000000000e+02,1.000000000000000000e+00,4.132999999999995566e-01
2.200000000000000000e+02,1.000000000000000000e+00,4.156999999999996254e-01
2.210000000000000000e+02,1.000000000000000000e+00,4.181250000000001910e-01
2.220000000000000000e+02,1.000000000000000000e+00,4.181250000000001910e-01
2.230000000000000000e+02,1.000000000000000000e+00,4.181250000000001910e-01
2.240000000000000000e+02,1.000000000000000000e+00,4.181250000000001910e-01
2.250000000000000000e+02,1.000000000000000000e+00,4.189250000000001029e-01
2.260000000000000000e+02,1.000000000000000000e+00,4.229500000000001592e-01
2.270000000000000000e+02,1.000000000000000000e+00,4.261749999999995819e-01
2.280000000000000000e+02,1.000000000000000000e+00,4.261749999999995819e-01
2.290000000000000000e+02,1.000000000000000000e+00,4.261749999999995819e-01
2.300000000000000000e+02,1.000000000000000000e+00,4.261749999999995819e-01
2.310000000000000000e+02,1.000000000000000000e+00,4.261749999999995819e-01
2.320000000000000000e+02,1.000000000000000000e+00,4.302250000000000796e-01
2.330000000000000000e+02,1.000000000000000000e+00,4.342500000000001359e-01
2.340000000000000000e+02,1.000000000000000000e+00,4.342500000000001359e-01
2.350000000000000000e+02,1.000000000000000000e+00,4.342500000000001359e-01
2.360000000000000000e+02,1.000000000000000000e+00,4.350500000000000478e-01
2.370000000000000000e+02,1.000000000000000000e+00,4.390750000000000486e-01
2.380000000000000000e+02,1.000000000000000000e+00,4.414999999999995595e-01
2.390000000000000000e+02,1.000000000000000000e+00,4.423000000000001930e-01
2.400000000000000000e+02,1.000000000000000000e+00,4.423000000000001930e-01
2.410000000000000000e+02,1.000000000000000000e+00,4.423000000000001930e-01
2.420000000000000000e+02,1.000000000000000000e+00,4.423000000000001930e-01
2.430000000000000000e+02,1.000000000000000000e+00,4.455249999999996158e-01
2.440000000000000000e+02,1.000000000000000000e+00,4.503499999999995285e-01
2.450000000000000000e+02,1.000000000000000000e+00,4.503499999999995285e-01
2.460000000000000000e+02,1.000000000000000000e+00,4.503499999999995285e-01
2.470000000000000000e+02,1.000000000000000000e+00,4.503499999999995285e-01
2.480000000000000000e+02,1.000000000000000000e+00,4.527750000000000941e-01
2.490000000000000000e+02,1.000000000000000000e+00,4.560000000000002385e-01
2.500000000000000000e+02,1.000000000000000000e+00,4.576000000000000623e-01
2.510000000000000000e+02,1.000000000000000000e+00,4.583999999999995856e-01
2.520000000000000000e+02,1.000000000000000000e+00,4.583999999999995856e-01
2.530000000000000000e+02,1.000000000000000000e+00,4.583999999999995856e-01
2.540000000000000000e+02,1.000000000000000000e+00,4.583999999999995856e-01
2.550000000000000000e+02,1.000000000000000000e+00,4.583999999999995856e-01
2.560000000000000000e+02,1.000000000000000000e+00,4.583999999999995856e-01
2.570000000000000000e+02,1.000000000000000000e+00,4.624500000000001387e-01
2.580000000000000000e+02,1.000000000000000000e+00,4.648500000000002075e-01
2.590000000000000000e+02,1.000000000000000000e+00,4.664750000000001395e-01
2.600000000000000000e+02,1.000000000000000000e+00,4.664750000000001395e-01
2.610000000000000000e+02,1.000000000000000000e+00,4.664750000000001395e-01
2.620000000000000000e+02,1.000000000000000000e+00,4.664750000000001395e-01
2.630000000000000000e+02,1.000000000000000000e+00,4.664750000000001395e-01
2.640000000000000000e+02,1.000000000000000000e+00,4.664750000000001395e-01
2.650000000000000000e+02,1.000000000000000000e+00,4.688749999999995421e-01
2.660000000000000000e+02,1.000000000000000000e+00,4.713000000000001077e-01
2.670000000000000000e+02,1.000000000000000000e+00,4.737249999999996186e-01
2.680000000000000000e+02,1.000000000000000000e+00,4.745250000000001966e-01
2.690000000000000000e+02,1.000000000000000000e+00,4.745250000000001966e-01
2.700000000000000000e+02,1.000000000000000000e+00,4.745250000000001966e-01
2.710000000000000000e+02,1.000000000000000000e+00,4.745250000000001966e-01
2.720000000000000000e+02,1.000000000000000000e+00,4.745250000000001966e-01
2.730000000000000000e+02,1.000000000000000000e+00,4.753250000000001085e-01
2.740000000000000000e+02,1.000000000000000000e+00,4.801750000000001850e-01
2.750000000000000000e+02,1.000000000000000000e+00,4.817750000000000088e-01
2.760000000000000000e+02,1.000000000000000000e+00,4.825749999999995876e-01
2.770000000000000000e+02,1.000000000000000000e+00,4.825749999999995876e-01
2.780000000000000000e+02,1.000000000000000000e+00,4.825749999999995876e-01
2.790000000000000000e+02,1.000000000000000000e+00,4.858000000000000651e-01
2.800000000000000000e+02,1.000000000000000000e+00,4.890250000000001540e-01
2.810000000000000000e+02,1.000000000000000000e+00,4.906500000000001416e-01
2.820000000000000000e+02,1.000000000000000000e+00,4.906500000000001416e-01
2.830000000000000000e+02,1.000000000000000000e+00,4.906500000000001416e-01
2.840000000000000000e+02,1.000000000000000000e+00,4.906500000000001416e-01
2.850000000000000000e+02,1.000000000000000000e+00,4.906500000000001416e-01
2.860000000000000000e+02,1.000000000000000000e+00,4.906500000000001416e-01
2.870000000000000000e+02,1.000000000000000000e+00,4.914500000000000535e-01
2.880000000000000000e+02,1.000000000000000000e+00,4.930500000000002103e-01
2.890000000000000000e+02,1.000000000000000000e+00,4.970749999999995450e-01
2.900000000000000000e+02,1.000000000000000000e+00,4.987000000000001987e-01
2.910000000000000000e+02,1.000000000000000000e+00,4.987000000000001987e-01
2.920000000000000000e+02,1.000000000000000000e+00,4.987000000000001987e-01
2.930000000000000000e+02,1.000000000000000000e+00,4.987000000000001987e-01
2.940000000000000000e+02,1.000000000000000000e+00,4.987000000000001987e-01
2.950000000000000000e+02,1.000000000000000000e+00,4.987000000000001987e-01
2.960000000000000000e+02,1.000000000000000000e+00,4.987000000000001987e-01
2.970000000000000000e+02,1.000000000000000000e+00,4.987000000000001987e-01
2.980000000000000000e+02,1.000000000000000000e+00,4.987000000000001987e-01
2.990000000000000000e+02,1.000000000000000000e+00,4.995000000000001106e-01
3.000000000000000000e+02,1.000000000000000000e+00,5.019249999999996215e-01
3.010000000000000000e+02,1.000000000000000000e+00,5.051500000000000989e-01
3.020000000000000000e+02,1.000000000000000000e+00,5.067499999999995897e-01
3.030000000000000000e+02,1.000000000000000000e+00,5.067499999999995897e-01
3.040000000000000000e+02,1.000000000000000000e+00,5.067499999999995897e-01
3.050000000000000000e+02,1.000000000000000000e+00,5.067499999999995897e-01
3.060000000000000000e+02,1.000000000000000000e+00,5.067499999999995897e-01
3.070000000000000000e+02,1.000000000000000000e+00,5.067499999999995897e-01
3.080000000000000000e+02,1.000000000000000000e+00,5.067499999999995897e-01
3.090000000000000000e+02,1.000000000000000000e+00,5.067499999999995897e-01
3.100000000000000000e+02,1.000000000000000000e+00,5.067499999999995897e-01
3.110000000000000000e+02,1.000000000000000000e+00,5.107749999999995349e-01
3.120000000000000000e+02,1.000000000000000000e+00,5.132000000000001005e-01
3.130000000000000000e+02,1.000000000000000000e+00,5.140000000000000124e-01
3.140000000000000000e+02,1.000000000000000000e+00,5.147999999999995913e-01
3.150000000000000000e+02,1.000000000000000000e+00,5.147999999999995913e-01
3.160000000000000000e+02,1.000000000000000000e+00,5.147999999999995913e-01
3.170000000000000000e+02,1.000000000000000000e+00,5.147999999999995913e-01
3.180000000000000000e+02,1.000000000000000000e+00,5.147999999999995913e-01
3.190000000000000000e+02,1.000000000000000000e+00,5.147999999999995913e-01
3.200000000000000000e+02,1.000000000000000000e+00,5.147999999999995913e-01
3.210000000000000000e+02,1.000000000000000000e+00,5.147999999999995913e-01
3.220000000000000000e+02,1.000000000000000000e+00,5.164249999999995788e-01
3.230000000000000000e+02,1.000000000000000000e+00,5.196500000000000563e-01
3.240000000000000000e+02,1.000000000000000000e+00,5.220500000000001251e-01
3.250000000000000000e+02,1.000000000000000000e+00,5.228750000000002007e-01
3.260000000000000000e+02,1.000000000000000000e+00,5.228750000000002007e-01
3.270000000000000000e+02,1.000000000000000000e+00,5.228750000000002007e-01
3.280000000000000000e+02,1.000000000000000000e+00,5.228750000000002007e-01
3.290000000000000000e+02,1.000000000000000000e+00,5.228750000000002007e-01
3.300000000000000000e+02,1.000000000000000000e+00,5.228750000000002007e-01
3.310000000000000000e+02,1.000000000000000000e+00,5.228750000000002007e-01
3.320000000000000000e+02,1.000000000000000000e+00,5.228750000000002007e-01
3.330000000000000000e+02,1.000000000000000000e+00,5.228750000000002007e-01
3.340000000000000000e+02,1.000000000000000000e+00,5.228750000000002007e-01
3.350000000000000000e+02,1.000000000000000000e+00,5.228750000000002007e-01
3.360000000000000000e+02,1.000000000000000000e+00,5.228750000000002007e-01
3.370000000000000000e+02,1.000000000000000000e+00,5.228750000000002007e-01
3.380000000000000000e+02,1.000000000000000000e+00,5.228750000000002007e-01
3.390000000000000000e+02,1.000000000000000000e+00,5.228750000000002007e-01
3.400000000000000000e+02,1.000000000000000000e+00,5.236750000000001126e-01
3.410000000000000000e+02,1.000000000000000000e+00,5.284999999999999698e-01
3.420000000000000000e+02,1.000000000000000000e+00,5.309250000000002023e-01
3.430000000000000000e+02,1.000000000000000000e+00,5.309250000000002023e-01
3.440000000000000000e+02,1.000000000000000000e+00,5.309250000000002023e-01
3.450000000000000000e+02,1.000000000000000000e+00,5.309250000000002023e-01
3.460000000000000000e+02,1.000000000000000000e+00,5.309250000000002023e-01
3.470000000000000000e+02,1.000000000000000000e+00,5.309250000000002023e-01
3.480000000000000000e+02,1.000000000000000000e+00,5.317250000000001142e-01
3.490000000000000000e+02,1.000000000000000000e+00,5.365500000000000824e-01
3.500000000000000000e+02,1.000000000000000000e+00,5.365500000000000824e-01
3.510000000000000000e+02,1.000000000000000000e+00,5.373750000000001581e-01
3.520000000000000000e+02,1.000000000000000000e+00,5.381750000000000700e-01
3.530000000000000000e+02,1.000000000000000000e+00,5.389749999999995378e-01
3.540000000000000000e+02,1.000000000000000000e+00,5.389749999999995378e-01
3.550000000000000000e+02,1.000000000000000000e+00,5.389749999999995378e-01
3.560000000000000000e+02,1.000000000000000000e+00,5.389749999999995378e-01
3.570000000000000000e+02,1.000000000000000000e+00,5.389749999999995378e-01
3.580000000000000000e+02,1.000000000000000000e+00,5.389749999999995378e-01
3.590000000000000000e+02,1.000000000000000000e+00,5.389749999999995378e-01
3.600000000000000000e+02,1.000000000000000000e+00,5.389749999999995378e-01
3.610000000000000000e+02,1.000000000000000000e+00,5.389749999999995378e-01
3.620000000000000000e+02,1.000000000000000000e+00,5.389749999999995378e-01
3.630000000000000000e+02,1.000000000000000000e+00,5.389749999999995378e-01
3.640000000000000000e+02,1.000000000000000000e+00,5.389749999999995378e-01
3.650000000000000000e+02,1.000000000000000000e+00,5.389749999999995378e-01
3.660000000000000000e+02,1.000000000000000000e+00,5.389749999999995378e-01
3.670000000000000000e+02,1.000000000000000000e+00,5.397750000000002268e-01
3.680000000000000000e+02,1.000000000000000000e+00,5.397750000000002268e-01
3.690000000000000000e+02,1.000000000000000000e+00,5.389749999999995378e-01
3.700000000000000000e+02,1.000000000000000000e+00,5.406000000000001915e-01
3.710000000000000000e+02,1.000000000000000000e+00,5.414000000000001034e-01
3.720000000000000000e+02,1.000000000000000000e+00,5.429999999999995941e-01
3.730000000000000000e+02,1.000000000000000000e+00,5.454250000000001597e-01
3.740000000000000000e+02,1.000000000000000000e+00,5.429999999999995941e-01
3.750000000000000000e+02,1.000000000000000000e+00,5.446249999999995817e-01
3.760000000000000000e+02,1.000000000000000000e+00,5.429999999999995941e-01
3.770000000000000000e+02,1.000000000000000000e+00,5.454250000000001597e-01
3.780000000000000000e+02,1.000000000000000000e+00,5.462250000000000716e-01
3.790000000000000000e+02,1.000000000000000000e+00,5.454250000000001597e-01
3.800000000000000000e+02,1.000000000000000000e+00,5.454250000000001597e-01
3.810000000000000000e+02,1.000000000000000000e+00,5.470249999999996504e-01
3.820000000000000000e+02,1.000000000000000000e+00,5.470249999999996504e-01
3.830000000000000000e+02,1.000000000000000000e+00,5.470249999999996504e-01
3.840000000000000000e+02,1.000000000000000000e+00,5.470249999999996504e-01
3.850000000000000000e+02,1.000000000000000000e+00,5.470249999999996504e-01
3.860000000000000000e+02,1.000000000000000000e+00,5.470249999999996504e-01
3.870000000000000000e+02,1.000000000000000000e+00,5.470249999999996504e-01
3.880000000000000000e+02,1.000000000000000000e+00,5.470249999999996504e-01
3.890000000000000000e+02,1.000000000000000000e+00,5.486499999999996380e-01
3.900000000000000000e+02,1.000000000000000000e+00,5.510500000000000398e-01
3.910000000000000000e+02,1.000000000000000000e+00,5.518750000000001155e-01
3.920000000000000000e+02,1.000000000000000000e+00,5.526749999999995833e-01
3.930000000000000000e+02,1.000000000000000000e+00,5.534749999999994952e-01
3.940000000000000000e+02,1.000000000000000000e+00,5.551000000000001489e-01
3.950000000000000000e+02,1.000000000000000000e+00,5.551000000000001489e-01
3.960000000000000000e+02,1.000000000000000000e+00,5.551000000000001489e-01
3.970000000000000000e+02,1.000000000000000000e+00,5.551000000000001489e-01
3.980000000000000000e+02,1.000000000000000000e+00,5.551000000000001489e-01
3.990000000000000000e+02,1.000000000000000000e+00,5.551000000000001489e-01
4.000000000000000000e+02,1.000000000000000000e+00,5.551000000000001489e-01
4.010000000000000000e+02,1.000000000000000000e+00,5.551000000000001489e-01
4.020000000000000000e+02,1.000000000000000000e+00,5.551000000000001489e-01
4.030000000000000000e+02,1.000000000000000000e+00,5.551000000000001489e-01
4.040000000000000000e+02,1.000000000000000000e+00,5.551000000000001489e-01
4.050000000000000000e+02,1.000000000000000000e+00,5.559000000000000608e-01
4.060000000000000000e+02,1.000000000000000000e+00,5.551000000000001489e-01
4.070000000000000000e+02,1.000000000000000000e+00,5.559000000000000608e-01
4.080000000000000000e+02,1.000000000000000000e+00,5.566999999999999726e-01
4.090000000000000000e+02,1.000000000000000000e+00,5.583249999999996271e-01
4.100000000000000000e+02,1.000000000000000000e+00,5.591250000000002052e-01
4.110000000000000000e+02,1.000000000000000000e+00,5.615249999999996078e-01
4.120000000000000000e+02,1.000000000000000000e+00,5.615249999999996078e-01
4.130000000000000000e+02,1.000000000000000000e+00,5.615249999999996078e-01
4.140000000000000000e+02,1.000000000000000000e+00,5.631499999999995953e-01
4.150000000000000000e+02,1.000000000000000000e+00,5.631499999999995953e-01
4.160000000000000000e+02,1.000000000000000000e+00,5.631499999999995953e-01
4.170000000000000000e+02,1.000000000000000000e+00,5.631499999999995953e-01
4.180000000000000000e+02,1.000000000000000000e+00,5.631499999999995953e-01
4.190000000000000000e+02,1.000000000000000000e+00,5.631499999999995953e-01
4.200000000000000000e+02,1.000000000000000000e+00,5.631499999999995953e-01
4.210000000000000000e+02,1.000000000000000000e+00,5.631499999999995953e-01
4.220000000000000000e+02,1.000000000000000000e+00,5.639500000000001734e-01
4.230000000000000000e+02,1.000000000000000000e+00,5.647500000000000853e-01
4.240000000000000000e+02,1.000000000000000000e+00,5.639500000000001734e-01
4.250000000000000000e+02,1.000000000000000000e+00,5.663750000000000728e-01
4.260000000000000000e+02,1.000000000000000000e+00,5.639500000000001734e-01
4.270000000000000000e+02,1.000000000000000000e+00,5.655750000000001609e-01
4.280000000000000000e+02,1.000000000000000000e+00,5.631499999999995953e-01
4.290000000000000000e+02,1.000000000000000000e+00,5.647500000000000853e-01
4.300000000000000000e+02,1.000000000000000000e+00,5.663750000000000728e-01
4.310000000000000000e+02,1.000000000000000000e+00,5.655750000000001609e-01
4.320000000000000000e+02,1.000000000000000000e+00,5.663750000000000728e-01
4.330000000000000000e+02,1.000000000000000000e+00,5.704000000000000181e-01
4.340000000000000000e+02,1.000000000000000000e+00,5.704000000000000181e-01
4.350000000000000000e+02,1.000000000000000000e+00,5.711999999999995969e-01
4.360000000000000000e+02,1.000000000000000000e+00,5.711999999999995969e-01
4.370000000000000000e+02,1.000000000000000000e+00,5.704000000000000181e-01
4.380000000000000000e+02,1.000000000000000000e+00,5.696000000000001062e-01
4.390000000000000000e+02,1.000000000000000000e+00,5.711999999999995969e-01
4.400000000000000000e+02,1.000000000000000000e+00,5.711999999999995969e-01
4.410000000000000000e+02,1.000000000000000000e+00,5.711999999999995969e-01
4.420000000000000000e+02,1.000000000000000000e+00,5.711999999999995969e-01
4.430000000000000000e+02,1.000000000000000000e+00,5.711999999999995969e-01
4.440000000000000000e+02,1.000000000000000000e+00,5.711999999999995969e-01
4.450000000000000000e+02,1.000000000000000000e+00,5.711999999999995969e-01
4.460000000000000000e+02,1.000000000000000000e+00,5.711999999999995969e-01
4.470000000000000000e+02,1.000000000000000000e+00,5.711999999999995969e-01
4.480000000000000000e+02,1.000000000000000000e+00,5.711999999999995969e-01
4.490000000000000000e+02,1.000000000000000000e+00,5.711999999999995969e-01
4.500000000000000000e+02,1.000000000000000000e+00,5.711999999999995969e-01
4.510000000000000000e+02,1.000000000000000000e+00,5.711999999999995969e-01
4.520000000000000000e+02,1.000000000000000000e+00,5.711999999999995969e-01
4.530000000000000000e+02,1.000000000000000000e+00,5.728249999999995845e-01
4.540000000000000000e+02,1.000000000000000000e+00,5.728249999999995845e-01
4.550000000000000000e+02,1.000000000000000000e+00,5.711999999999995969e-01
4.560000000000000000e+02,1.000000000000000000e+00,5.728249999999995845e-01
4.570000000000000000e+02,1.000000000000000000e+00,5.728249999999995845e-01
4.580000000000000000e+02,1.000000000000000000e+00,5.736250000000001625e-01
4.590000000000000000e+02,1.000000000000000000e+00,5.760500000000000620e-01
4.600000000000000000e+02,1.000000000000000000e+00,5.744250000000000744e-01
4.610000000000000000e+02,1.000000000000000000e+00,5.768499999999996408e-01
4.620000000000000000e+02,1.000000000000000000e+00,5.752249999999996533e-01
4.630000000000000000e+02,1.000000000000000000e+00,5.744250000000000744e-01
4.640000000000000000e+02,1.000000000000000000e+00,5.736250000000001625e-01
4.650000000000000000e+02,1.000000000000000000e+00,5.719999999999995088e-01
4.660000000000000000e+02,1.000000000000000000e+00,5.752249999999996533e-01
4.670000000000000000e+02,1.000000000000000000e+00,5.776500000000002188e-01
4.680000000000000000e+02,1.000000000000000000e+00,5.784500000000001307e-01
4.690000000000000000e+02,1.000000000000000000e+00,5.792500000000000426e-01
4.700000000000000000e+02,1.000000000000000000e+00,5.792500000000000426e-01
4.710000000000000000e+02,1.000000000000000000e+00,5.792500000000000426e-01
4.720000000000000000e+02,1.000000000000000000e+00,5.792500000000000426e-01
4.730000000000000000e+02,1.000000000000000000e+00,5.792500000000000426e-01
4.740000000000000000e+02,1.000000000000000000e+00,5.792500000000000426e-01
4.750000000000000000e+02,1.000000000000000000e+00,5.792500000000000426e-01
4.760000000000000000e+02,1.000000000000000000e+00,5.792500000000000426e-01
4.770000000000000000e+02,1.000000000000000000e+00,5.792500000000000426e-01
4.780000000000000000e+02,1.000000000000000000e+00,5.792500000000000426e-01
4.790000000000000000e+02,1.000000000000000000e+00,5.792500000000000426e-01
4.800000000000000000e+02,1.000000000000000000e+00,5.792500000000000426e-01
4.810000000000000000e+02,1.000000000000000000e+00,5.792500000000000426e-01
4.820000000000000000e+02,1.000000000000000000e+00,5.792500000000000426e-01
4.830000000000000000e+02,1.000000000000000000e+00,5.792500000000000426e-01
4.840000000000000000e+02,1.000000000000000000e+00,5.792500000000000426e-01
4.850000000000000000e+02,1.000000000000000000e+00,5.792500000000000426e-01
4.860000000000000000e+02,1.000000000000000000e+00,5.792500000000000426e-01
4.870000000000000000e+02,1.000000000000000000e+00,5.792500000000000426e-01
4.880000000000000000e+02,1.000000000000000000e+00,5.808749999999995861e-01
4.890000000000000000e+02,1.000000000000000000e+00,5.800750000000001183e-01
4.900000000000000000e+02,1.000000000000000000e+00,5.873250000000002080e-01
4.910000000000000000e+02,1.000000000000000000e+00,5.873250000000002080e-01
4.920000000000000000e+02,1.000000000000000000e+00,5.873250000000002080e-01
4.930000000000000000e+02,1.000000000000000000e+00,5.873250000000002080e-01
4.940000000000000000e+02,1.000000000000000000e+00,5.873250000000002080e-01
4.950000000000000000e+02,1.000000000000000000e+00,5.873250000000002080e-01
4.960000000000000000e+02,1.000000000000000000e+00,5.873250000000002080e-01
4.970000000000000000e+02,1.000000000000000000e+00,5.873250000000002080e-01
4.980000000000000000e+02,1.000000000000000000e+00,5.873250000000002080e-01
4.990000000000000000e+02,1.000000000000000000e+00,5.873250000000002080e-01
5.000000000000000000e+02,1.000000000000000000e+00,5.881250000000001199e-01
5.010000000000000000e+02,1.000000000000000000e+00,5.873250000000002080e-01
5.020000000000000000e+02,1.000000000000000000e+00,5.873250000000002080e-01
5.030000000000000000e+02,1.000000000000000000e+00,5.873250000000002080e-01
5.040000000000000000e+02,1.000000000000000000e+00,5.889250000000000318e-01
5.050000000000000000e+02,1.000000000000000000e+00,5.873250000000002080e-01
5.060000000000000000e+02,1.000000000000000000e+00,5.897249999999996106e-01
5.070000000000000000e+02,1.000000000000000000e+00,5.889250000000000318e-01
5.080000000000000000e+02,1.000000000000000000e+00,5.897249999999996106e-01
5.090000000000000000e+02,1.000000000000000000e+00,5.905499999999996863e-01
5.100000000000000000e+02,1.000000000000000000e+00,5.913499999999995982e-01
5.110000000000000000e+02,1.000000000000000000e+00,5.897249999999996106e-01
5.120000000000000000e+02,1.000000000000000000e+00,5.921500000000001762e-01
5.130000000000000000e+02,1.000000000000000000e+00,5.913499999999995982e-01
5.140000000000000000e+02,1.000000000000000000e+00,5.929500000000000881e-01
5.150000000000000000e+02,1.000000000000000000e+00,5.921500000000001762e-01
5.160000000000000000e+02,1.000000000000000000e+00,5.913499999999995982e-01
5.170000000000000000e+02,1.000000000000000000e+00,5.897249999999996106e-01
5.180000000000000000e+02,1.000000000000000000e+00,5.913499999999995982e-01
5.190000000000000000e+02,1.000000000000000000e+00,5.937750000000001638e-01
5.200000000000000000e+02,1.000000000000000000e+00,5.953749999999995435e-01
5.210000000000000000e+02,1.000000000000000000e+00,5.953749999999995435e-01
5.220000000000000000e+02,1.000000000000000000e+00,5.953749999999995435e-01
5.230000000000000000e+02,1.000000000000000000e+00,5.953749999999995435e-01
5.240000000000000000e+02,1.000000000000000000e+00,5.953749999999995435e-01
5.250000000000000000e+02,1.000000000000000000e+00,5.953749999999995435e-01
5.260000000000000000e+02,1.000000000000000000e+00,5.953749999999995435e-01
5.270000000000000000e+02,1.000000000000000000e+00,5.953749999999995435e-01
5.280000000000000000e+02,1.000000000000000000e+00,5.953749999999995435e-01
5.290000000000000000e+02,1.000000000000000000e+00,5.953749999999995435e-01
5.300000000000000000e+02,1.000000000000000000e+00,5.953749999999995435e-01
5.310000000000000000e+02,1.000000000000000000e+00,5.953749999999995435e-01
5.320000000000000000e+02,1.000000000000000000e+00,5.953749999999995435e-01
5.330000000000000000e+02,1.000000000000000000e+00,5.953749999999995435e-01
5.340000000000000000e+02,1.000000000000000000e+00,5.953749999999995435e-01
5.350000000000000000e+02,1.000000000000000000e+00,5.953749999999995435e-01
5.360000000000000000e+02,1.000000000000000000e+00,5.953749999999995435e-01
5.370000000000000000e+02,1.000000000000000000e+00,5.953749999999995435e-01
5.380000000000000000e+02,1.000000000000000000e+00,5.953749999999995435e-01
5.390000000000000000e+02,1.000000000000000000e+00,5.953749999999995435e-01
5.400000000000000000e+02,1.000000000000000000e+00,5.953749999999995435e-01
5.410000000000000000e+02,1.000000000000000000e+00,5.953749999999995435e-01
5.420000000000000000e+02,1.000000000000000000e+00,5.953749999999995435e-01
5.430000000000000000e+02,1.000000000000000000e+00,5.953749999999995435e-01
5.440000000000000000e+02,1.000000000000000000e+00,5.953749999999995435e-01
5.450000000000000000e+02,1.000000000000000000e+00,5.953749999999995435e-01
5.460000000000000000e+02,1.000000000000000000e+00,5.953749999999995435e-01
5.470000000000000000e+02,1.000000000000000000e+00,5.953749999999995435e-01
5.480000000000000000e+02,1.000000000000000000e+00,5.953749999999995435e-01
5.490000000000000000e+02,1.000000000000000000e+00,5.953749999999995435e-01
5.500000000000000000e+02,1.000000000000000000e+00,5.953749999999995435e-01
5.510000000000000000e+02,1.000000000000000000e+00,5.953749999999995435e-01
5.520000000000000000e+02,1.000000000000000000e+00,5.953749999999995435e-01
5.530000000000000000e+02,1.000000000000000000e+00,5.953749999999995435e-01
5.540000000000000000e+02,1.000000000000000000e+00,5.953749999999995435e-01
5.550000000000000000e+02,1.000000000000000000e+00,5.961750000000002325e-01
5.560000000000000000e+02,1.000000000000000000e+00,5.969750000000001444e-01
5.570000000000000000e+02,1.000000000000000000e+00,5.986000000000000210e-01
5.580000000000000000e+02,1.000000000000000000e+00,5.978000000000001091e-01
5.590000000000000000e+02,1.000000000000000000e+00,5.969750000000001444e-01
5.600000000000000000e+02,1.000000000000000000e+00,5.961750000000002325e-01
5.610000000000000000e+02,1.000000000000000000e+00,5.961750000000002325e-01
5.620000000000000000e+02,1.000000000000000000e+00,5.953749999999995435e-01
5.630000000000000000e+02,1.000000000000000000e+00,5.953749999999995435e-01
5.640000000000000000e+02,1.000000000000000000e+00,5.993999999999995998e-01
5.650000000000000000e+02,1.000000000000000000e+00,5.961750000000002325e-01
5.660000000000000000e+02,1.000000000000000000e+00,5.986000000000000210e-01
5.670000000000000000e+02,1.000000000000000000e+00,5.986000000000000210e-01
5.680000000000000000e+02,1.000000000000000000e+00,6.001999999999995117e-01
5.690000000000000000e+02,1.000000000000000000e+00,6.010249999999995874e-01
5.700000000000000000e+02,1.000000000000000000e+00,6.010249999999995874e-01
5.710000000000000000e+02,1.000000000000000000e+00,6.026250000000000773e-01
5.720000000000000000e+02,1.000000000000000000e+00,6.026250000000000773e-01
5.730000000000000000e+02,1.000000000000000000e+00,6.034249999999999892e-01
5.740000000000000000e+02,1.000000000000000000e+00,6.034249999999999892e-01
5.750000000000000000e+02,1.000000000000000000e+00,6.034249999999999892e-01
5.760000000000000000e+02,1.000000000000000000e+00,6.034249999999999892e-01
5.770000000000000000e+02,1.000000000000000000e+00,6.034249999999999892e-01
5.780000000000000000e+02,1.000000000000000000e+00,6.034249999999999892e-01
5.790000000000000000e+02,1.000000000000000000e+00,6.034249999999999892e-01
5.800000000000000000e+02,1.000000000000000000e+00,6.034249999999999892e-01
5.810000000000000000e+02,1.000000000000000000e+00,6.034249999999999892e-01
5.820000000000000000e+02,1.000000000000000000e+00,6.050499999999996437e-01
5.830000000000000000e+02,1.000000000000000000e+00,6.058500000000002217e-01
5.840000000000000000e+02,1.000000000000000000e+00,6.074500000000000455e-01
5.850000000000000000e+02,1.000000000000000000e+00,6.058500000000002217e-01
5.860000000000000000e+02,1.000000000000000000e+00,6.066500000000001336e-01
5.870000000000000000e+02,1.000000000000000000e+00,6.074500000000000455e-01
5.880000000000000000e+02,1.000000000000000000e+00,6.074500000000000455e-01
5.890000000000000000e+02,1.000000000000000000e+00,6.074500000000000455e-01
5.900000000000000000e+02,1.000000000000000000e+00,6.106750000000001899e-01
5.910000000000000000e+02,1.000000000000000000e+00,6.098749999999995008e-01
5.920000000000000000e+02,1.000000000000000000e+00,6.074500000000000455e-01
5.930000000000000000e+02,1.000000000000000000e+00,6.082750000000001211e-01
5.940000000000000000e+02,1.000000000000000000e+00,6.114750000000001018e-01
5.950000000000000000e+02,1.000000000000000000e+00,6.106750000000001899e-01
5.960000000000000000e+02,1.000000000000000000e+00,6.082750000000001211e-01
5.970000000000000000e+02,1.000000000000000000e+00,6.098749999999995008e-01
5.980000000000000000e+02,1.000000000000000000e+00,6.082750000000001211e-01
5.990000000000000000e+02,1.000000000000000000e+00,6.066500000000001336e-01
6.000000000000000000e+02,1.000000000000000000e+00,6.058500000000002217e-01
6.010000000000000000e+02,1.000000000000000000e+00,6.050499999999996437e-01
6.020000000000000000e+02,1.000000000000000000e+00,6.066500000000001336e-01
6.030000000000000000e+02,1.000000000000000000e+00,6.058500000000002217e-01
6.040000000000000000e+02,1.000000000000000000e+00,6.058500000000002217e-01
6.050000000000000000e+02,1.000000000000000000e+00,6.066500000000001336e-01
6.060000000000000000e+02,1.000000000000000000e+00,6.050499999999996437e-01
6.070000000000000000e+02,1.000000000000000000e+00,6.050499999999996437e-01
6.080000000000000000e+02,1.000000000000000000e+00,6.066500000000001336e-01
6.090000000000000000e+02,1.000000000000000000e+00,6.106750000000001899e-01
6.100000000000000000e+02,1.000000000000000000e+00,6.090749999999995890e-01
6.110000000000000000e+02,1.000000000000000000e+00,6.106750000000001899e-01
6.120000000000000000e+02,1.000000000000000000e+00,6.114750000000001018e-01
6.130000000000000000e+02,1.000000000000000000e+00,6.114750000000001018e-01
6.140000000000000000e+02,1.000000000000000000e+00,6.114750000000001018e-01
6.150000000000000000e+02,1.000000000000000000e+00,6.090749999999995890e-01
6.160000000000000000e+02,1.000000000000000000e+00,6.114750000000001018e-01
6.170000000000000000e+02,1.000000000000000000e+00,6.114750000000001018e-01
6.180000000000000000e+02,1.000000000000000000e+00,6.114750000000001018e-01
6.190000000000000000e+02,1.000000000000000000e+00,6.114750000000001018e-01
6.200000000000000000e+02,1.000000000000000000e+00,6.123000000000000664e-01
6.210000000000000000e+02,1.000000000000000000e+00,6.123000000000000664e-01
6.220000000000000000e+02,1.000000000000000000e+00,6.114750000000001018e-01
6.230000000000000000e+02,1.000000000000000000e+00,6.114750000000001018e-01
6.240000000000000000e+02,1.000000000000000000e+00,6.114750000000001018e-01
6.250000000000000000e+02,1.000000000000000000e+00,6.114750000000001018e-01
6.260000000000000000e+02,1.000000000000000000e+00,6.114750000000001018e-01
6.270000000000000000e+02,1.000000000000000000e+00,6.114750000000001018e-01
6.280000000000000000e+02,1.000000000000000000e+00,6.114750000000001018e-01
6.290000000000000000e+02,1.000000000000000000e+00,6.114750000000001018e-01
6.300000000000000000e+02,1.000000000000000000e+00,6.114750000000001018e-01
6.310000000000000000e+02,1.000000000000000000e+00,6.114750000000001018e-01
6.320000000000000000e+02,1.000000000000000000e+00,6.114750000000001018e-01
6.330000000000000000e+02,1.000000000000000000e+00,6.114750000000001018e-01
6.340000000000000000e+02,1.000000000000000000e+00,6.114750000000001018e-01
6.350000000000000000e+02,1.000000000000000000e+00,6.114750000000001018e-01
6.360000000000000000e+02,1.000000000000000000e+00,6.114750000000001018e-01
6.370000000000000000e+02,1.000000000000000000e+00,6.114750000000001018e-01
6.380000000000000000e+02,1.000000000000000000e+00,6.114750000000001018e-01
6.390000000000000000e+02,1.000000000000000000e+00,6.114750000000001018e-01
6.400000000000000000e+02,1.000000000000000000e+00,6.114750000000001018e-01
6.410000000000000000e+02,1.000000000000000000e+00,6.114750000000001018e-01
6.420000000000000000e+02,1.000000000000000000e+00,6.114750000000001018e-01
6.430000000000000000e+02,1.000000000000000000e+00,6.114750000000001018e-01
6.440000000000000000e+02,1.000000000000000000e+00,6.114750000000001018e-01
6.450000000000000000e+02,1.000000000000000000e+00,6.114750000000001018e-01
6.460000000000000000e+02,1.000000000000000000e+00,6.114750000000001018e-01
6.470000000000000000e+02,1.000000000000000000e+00,6.114750000000001018e-01
6.480000000000000000e+02,1.000000000000000000e+00,6.114750000000001018e-01
6.490000000000000000e+02,1.000000000000000000e+00,6.114750000000001018e-01
6.500000000000000000e+02,1.000000000000000000e+00,6.114750000000001018e-01
6.510000000000000000e+02,1.000000000000000000e+00,6.114750000000001018e-01
6.520000000000000000e+02,1.000000000000000000e+00,6.114750000000001018e-01
6.530000000000000000e+02,1.000000000000000000e+00,6.114750000000001018e-01
6.540000000000000000e+02,1.000000000000000000e+00,6.114750000000001018e-01
6.550000000000000000e+02,1.000000000000000000e+00,6.114750000000001018e-01
6.560000000000000000e+02,1.000000000000000000e+00,6.114750000000001018e-01
6.570000000000000000e+02,1.000000000000000000e+00,6.114750000000001018e-01
6.580000000000000000e+02,1.000000000000000000e+00,6.114750000000001018e-01
6.590000000000000000e+02,1.000000000000000000e+00,6.114750000000001018e-01
6.600000000000000000e+02,1.000000000000000000e+00,6.114750000000001018e-01
6.610000000000000000e+02,1.000000000000000000e+00,6.114750000000001018e-01
6.620000000000000000e+02,1.000000000000000000e+00,6.114750000000001018e-01
6.630000000000000000e+02,1.000000000000000000e+00,6.114750000000001018e-01
6.640000000000000000e+02,1.000000000000000000e+00,6.114750000000001018e-01
6.650000000000000000e+02,1.000000000000000000e+00,6.114750000000001018e-01
6.660000000000000000e+02,1.000000000000000000e+00,6.114750000000001018e-01
6.670000000000000000e+02,1.000000000000000000e+00,6.114750000000001018e-01
6.680000000000000000e+02,1.000000000000000000e+00,6.114750000000001018e-01
6.690000000000000000e+02,1.000000000000000000e+00,6.114750000000001018e-01
6.700000000000000000e+02,1.000000000000000000e+00,6.114750000000001018e-01
6.710000000000000000e+02,1.000000000000000000e+00,6.114750000000001018e-01
6.720000000000000000e+02,1.000000000000000000e+00,6.114750000000001018e-01
6.730000000000000000e+02,1.000000000000000000e+00,6.114750000000001018e-01
6.740000000000000000e+02,1.000000000000000000e+00,6.106750000000001899e-01
6.750000000000000000e+02,1.000000000000000000e+00,6.114750000000001018e-01
6.760000000000000000e+02,1.000000000000000000e+00,6.114750000000001018e-01
6.770000000000000000e+02,1.000000000000000000e+00,6.114750000000001018e-01
6.780000000000000000e+02,1.000000000000000000e+00,6.114750000000001018e-01
6.790000000000000000e+02,1.000000000000000000e+00,6.114750000000001018e-01
6.800000000000000000e+02,1.000000000000000000e+00,6.114750000000001018e-01
6.810000000000000000e+02,1.000000000000000000e+00,6.114750000000001018e-01
6.820000000000000000e+02,1.000000000000000000e+00,6.114750000000001018e-01
6.830000000000000000e+02,1.000000000000000000e+00,6.114750000000001018e-01
6.840000000000000000e+02,1.000000000000000000e+00,6.114750000000001018e-01
6.850000000000000000e+02,1.000000000000000000e+00,6.114750000000001018e-01
6.860000000000000000e+02,1.000000000000000000e+00,6.114750000000001018e-01
6.870000000000000000e+02,1.000000000000000000e+00,6.114750000000001018e-01
6.880000000000000000e+02,1.000000000000000000e+00,6.114750000000001018e-01
6.890000000000000000e+02,1.000000000000000000e+00,6.114750000000001018e-01
6.900000000000000000e+02,1.000000000000000000e+00,6.114750000000001018e-01
6.910000000000000000e+02,1.000000000000000000e+00,6.114750000000001018e-01
6.920000000000000000e+02,1.000000000000000000e+00,6.114750000000001018e-01
6.930000000000000000e+02,1.000000000000000000e+00,6.114750000000001018e-01
6.940000000000000000e+02,1.000000000000000000e+00,6.114750000000001018e-01
6.950000000000000000e+02,1.000000000000000000e+00,6.114750000000001018e-01
6.960000000000000000e+02,1.000000000000000000e+00,6.058500000000002217e-01
6.970000000000000000e+02,1.000000000000000000e+00,6.058500000000002217e-01
6.980000000000000000e+02,1.000000000000000000e+00,6.042249999999995680e-01
6.990000000000000000e+02,1.000000000000000000e+00,6.050499999999996437e-01
7.000000000000000000e+02,1.000000000000000000e+00,6.034249999999999892e-01
7.010000000000000000e+02,1.000000000000000000e+00,6.034249999999999892e-01
7.020000000000000000e+02,1.000000000000000000e+00,6.034249999999999892e-01
7.030000000000000000e+02,1.000000000000000000e+00,6.034249999999999892e-01
7.040000000000000000e+02,1.000000000000000000e+00,6.034249999999999892e-01
7.050000000000000000e+02,1.000000000000000000e+00,6.034249999999999892e-01
7.060000000000000000e+02,1.000000000000000000e+00,6.034249999999999892e-01
7.070000000000000000e+02,1.000000000000000000e+00,6.034249999999999892e-01
7.080000000000000000e+02,1.000000000000000000e+00,6.018250000000001654e-01
7.090000000000000000e+02,1.000000000000000000e+00,6.018250000000001654e-01
7.100000000000000000e+02,1.000000000000000000e+00,6.018250000000001654e-01
7.110000000000000000e+02,1.000000000000000000e+00,6.018250000000001654e-01
7.120000000000000000e+02,1.000000000000000000e+00,5.978000000000001091e-01
7.130000000000000000e+02,1.000000000000000000e+00,6.001999999999995117e-01
7.140000000000000000e+02,1.000000000000000000e+00,5.993999999999995998e-01
7.150000000000000000e+02,1.000000000000000000e+00,6.001999999999995117e-01
7.160000000000000000e+02,1.000000000000000000e+00,6.026250000000000773e-01
7.170000000000000000e+02,1.000000000000000000e+00,6.034249999999999892e-01
7.180000000000000000e+02,1.000000000000000000e+00,6.034249999999999892e-01
7.190000000000000000e+02,1.000000000000000000e+00,6.018250000000001654e-01
7.200000000000000000e+02,1.000000000000000000e+00,6.010249999999995874e-01
7.210000000000000000e+02,1.000000000000000000e+00,6.034249999999999892e-01
7.220000000000000000e+02,1.000000000000000000e+00,6.034249999999999892e-01
7.230000000000000000e+02,1.000000000000000000e+00,6.034249999999999892e-01
7.240000000000000000e+02,1.000000000000000000e+00,6.034249999999999892e-01
7.250000000000000000e+02,1.000000000000000000e+00,6.042249999999995680e-01
7.260000000000000000e+02,1.000000000000000000e+00,6.042249999999995680e-01
7.270000000000000000e+02,1.000000000000000000e+00,6.050499999999996437e-01
7.280000000000000000e+02,1.000000000000000000e+00,6.050499999999996437e-01
7.290000000000000000e+02,1.000000000000000000e+00,6.042249999999995680e-01
7.300000000000000000e+02,1.000000000000000000e+00,6.034249999999999892e-01
7.310000000000000000e+02,1.000000000000000000e+00,6.034249999999999892e-01
7.320000000000000000e+02,1.000000000000000000e+00,6.034249999999999892e-01
7.330000000000000000e+02,1.000000000000000000e+00,6.034249999999999892e-01
7.340000000000000000e+02,1.000000000000000000e+00,6.034249999999999892e-01
7.350000000000000000e+02,1.000000000000000000e+00,6.042249999999995680e-01
7.360000000000000000e+02,1.000000000000000000e+00,6.050499999999996437e-01
7.370000000000000000e+02,1.000000000000000000e+00,6.058500000000002217e-01
7.380000000000000000e+02,1.000000000000000000e+00,6.074500000000000455e-01
7.390000000000000000e+02,1.000000000000000000e+00,6.090749999999995890e-01
7.400000000000000000e+02,1.000000000000000000e+00,6.090749999999995890e-01
7.410000000000000000e+02,1.000000000000000000e+00,6.098749999999995008e-01
7.420000000000000000e+02,1.000000000000000000e+00,6.082750000000001211e-01
7.430000000000000000e+02,1.000000000000000000e+00,6.098749999999995008e-01
7.440000000000000000e+02,1.000000000000000000e+00,6.114750000000001018e-01
7.450000000000000000e+02,1.000000000000000000e+00,6.114750000000001018e-01
7.460000000000000000e+02,1.000000000000000000e+00,6.114750000000001018e-01
7.470000000000000000e+02,1.000000000000000000e+00,6.106750000000001899e-01
7.480000000000000000e+02,1.000000000000000000e+00,6.114750000000001018e-01
7.490000000000000000e+02,1.000000000000000000e+00,6.114750000000001018e-01
7.500000000000000000e+02,1.000000000000000000e+00,6.114750000000001018e-01
7.510000000000000000e+02,1.000000000000000000e+00,6.114750000000001018e-01
7.520000000000000000e+02,1.000000000000000000e+00,6.114750000000001018e-01
7.530000000000000000e+02,1.000000000000000000e+00,6.114750000000001018e-01
7.540000000000000000e+02,1.000000000000000000e+00,6.114750000000001018e-01
7.550000000000000000e+02,1.000000000000000000e+00,6.114750000000001018e-01
7.560000000000000000e+02,1.000000000000000000e+00,6.114750000000001018e-01
7.570000000000000000e+02,1.000000000000000000e+00,6.114750000000001018e-01
7.580000000000000000e+02,1.000000000000000000e+00,6.114750000000001018e-01
7.590000000000000000e+02,1.000000000000000000e+00,6.114750000000001018e-01
7.600000000000000000e+02,1.000000000000000000e+00,6.114750000000001018e-01
7.610000000000000000e+02,1.000000000000000000e+00,6.114750000000001018e-01
7.620000000000000000e+02,1.000000000000000000e+00,6.114750000000001018e-01
7.630000000000000000e+02,1.000000000000000000e+00,6.123000000000000664e-01
7.640000000000000000e+02,1.000000000000000000e+00,6.123000000000000664e-01
7.650000000000000000e+02,1.000000000000000000e+00,6.114750000000001018e-01
7.660000000000000000e+02,1.000000000000000000e+00,6.130999999999999783e-01
7.670000000000000000e+02,1.000000000000000000e+00,6.155250000000002109e-01
7.680000000000000000e+02,1.000000000000000000e+00,6.130999999999999783e-01
7.690000000000000000e+02,1.000000000000000000e+00,6.155250000000002109e-01
7.700000000000000000e+02,1.000000000000000000e+00,6.179249999999996135e-01
7.710000000000000000e+02,1.000000000000000000e+00,6.171250000000000346e-01
7.720000000000000000e+02,1.000000000000000000e+00,6.187499999999996891e-01
7.730000000000000000e+02,1.000000000000000000e+00,6.187499999999996891e-01
7.740000000000000000e+02,1.000000000000000000e+00,6.187499999999996891e-01
7.750000000000000000e+02,1.000000000000000000e+00,6.195499999999996010e-01
7.760000000000000000e+02,1.000000000000000000e+00,6.195499999999996010e-01
7.770000000000000000e+02,1.000000000000000000e+00,6.195499999999996010e-01
7.780000000000000000e+02,1.000000000000000000e+00,6.179249999999996135e-01
7.790000000000000000e+02,1.000000000000000000e+00,6.187499999999996891e-01
7.800000000000000000e+02,1.000000000000000000e+00,6.195499999999996010e-01
7.810000000000000000e+02,1.000000000000000000e+00,6.195499999999996010e-01
7.820000000000000000e+02,1.000000000000000000e+00,6.195499999999996010e-01
7.830000000000000000e+02,1.000000000000000000e+00,6.195499999999996010e-01
7.840000000000000000e+02,1.000000000000000000e+00,6.195499999999996010e-01
7.850000000000000000e+02,1.000000000000000000e+00,6.195499999999996010e-01
7.860000000000000000e+02,1.000000000000000000e+00,6.195499999999996010e-01
