tm,DVm,PVm
0.000000000000000000e+00,0.000000000000000000e+00,0.000000000000000000e+00
1.000000000000000000e+00,1.000000000000000000e+00,0.000000000000000000e+00
2.000000000000000000e+00,1.000000000000000000e+00,0.000000000000000000e+00
3.000000000000000000e+00,1.000000000000000000e+00,0.000000000000000000e+00
4.000000000000000000e+00,1.000000000000000000e+00,-4.024999999999679008e-03
5.000000000000000000e+00,1.000000000000000000e+00,-6.449999999999888982e-03
6.000000000000000000e+00,1.000000000000000000e+00,-7.249999999999800875e-03
7.000000000000000000e+00,1.000000000000000000e+00,-5.649999999999977089e-03
8.000000000000000000e+00,1.000000000000000000e+00,-6.449999999999888982e-03
9.000000000000000000e+00,1.000000000000000000e+00,-6.449999999999888982e-03
1.000000000000000000e+01,1.000000000000000000e+00,-6.449999999999888982e-03
1.100000000000000000e+01,1.000000000000000000e+00,-3.224999999999767115e-03
1.200000000000000000e+01,1.000000000000000000e+00,-7.999999999999118927e-04
1.300000000000000000e+01,1.000000000000000000e+00,0.000000000000000000e+00
1.400000000000000000e+01,1.000000000000000000e+00,-7.999999999999118927e-04
1.500000000000000000e+01,1.000000000000000000e+00,0.000000000000000000e+00
1.600000000000000000e+01,1.000000000000000000e+00,0.000000000000000000e+00
1.700000000000000000e+01,1.000000000000000000e+00,0.000000000000000000e+00
1.800000000000000000e+01,1.000000000000000000e+00,0.000000000000000000e+00
1.900000000000000000e+01,1.000000000000000000e+00,0.000000000000000000e+00
2.000000000000000000e+01,1.000000000000000000e+00,0.000000000000000000e+00
2.100000000000000000e+01,1.000000000000000000e+00,0.000000000000000000e+00
2.200000000000000000e+01,1.000000000000000000e+00,0.000000000000000000e+00
2.300000000000000000e+01,1.000000000000000000e+00,0.000000000000000000e+00
2.400000000000000000e+01,1.000000000000000000e+00,0.000000000000000000e+00
2.500000000000000000e+01,1.000000000000000000e+00,1.600000000000178970e-03
2.600000000000000000e+01,1.000000000000000000e+00,5.625000000000213163e-03
2.700000000000000000e+01,1.000000000000000000e+00,8.050000000000067518e-03
2.800000000000000000e+01,1.000000000000000000e+00,8.050000000000067518e-03
2.900000000000000000e+01,1.000000000000000000e+00,9.675000000000011716e-03
3.000000000000000000e+01,1.000000000000000000e+00,1.530000000000022488e-02
3.100000000000000000e+01,1.000000000000000000e+00,1.610000000000013504e-02
3.200000000000000000e+01,1.000000000000000000e+00,1.610000000000013504e-02
3.300000000000000000e+01,1.000000000000000000e+00,1.610000000000013504e-02
3.400000000000000000e+01,1.000000000000000000e+00,2.335000000000029413e-02
3.500000000000000000e+01,1.000000000000000000e+00,2.417500000000032470e-02
3.600000000000000000e+01,1.000000000000000000e+00,2.497500000000023659e-02
3.700000000000000000e+01,1.000000000000000000e+00,3.222500000000003834e-02
3.800000000000000000e+01,1.000000000000000000e+00,3.222500000000003834e-02
3.900000000000000000e+01,1.000000000000000000e+00,3.302500000000030411e-02
4.000000000000000000e+01,1.000000000000000000e+00,4.027500000000010238e-02
4.100000000000000000e+01,1.000000000000000000e+00,4.027500000000010238e-02
4.200000000000000000e+01,1.000000000000000000e+00,4.027500000000010238e-02
4.300000000000000000e+01,1.000000000000000000e+00,4.430000000000013788e-02
4.400000000000000000e+01,1.000000000000000000e+00,4.832500000000017337e-02
4.500000000000000000e+01,1.000000000000000000e+00,4.832500000000017337e-02
4.600000000000000000e+01,1.000000000000000000e+00,4.832500000000017337e-02
4.700000000000000000e+01,1.000000000000000000e+00,5.075000000000003120e-02
4.800000000000000000e+01,1.000000000000000000e+00,5.640000000000000568e-02
4.900000000000000000e+01,1.000000000000000000e+00,5.640000000000000568e-02
5.000000000000000000e+01,1.000000000000000000e+00,5.640000000000000568e-02
5.100000000000000000e+01,1.000000000000000000e+00,5.640000000000000568e-02
5.200000000000000000e+01,1.000000000000000000e+00,5.962500000000012929e-02
5.300000000000000000e+01,1.000000000000000000e+00,6.202500000000021885e-02
5.400000000000000000e+01,1.000000000000000000e+00,6.445000000000007667e-02
5.500000000000000000e+01,1.000000000000000000e+00,6.445000000000007667e-02
5.600000000000000000e+01,1.000000000000000000e+00,7.170000000000023577e-02
5.700000000000000000e+01,1.000000000000000000e+00,7.250000000000014766e-02
5.800000000000000000e+01,1.000000000000000000e+00,7.412500000000007971e-02
5.900000000000000000e+01,1.000000000000000000e+00,8.057500000000032692e-02
6.000000000000000000e+01,1.000000000000000000e+00,8.057500000000032692e-02
6.100000000000000000e+01,1.000000000000000000e+00,8.137500000000023881e-02
6.200000000000000000e+01,1.000000000000000000e+00,8.862500000000003708e-02
6.300000000000000000e+01,1.000000000000000000e+00,8.862500000000003708e-02
6.400000000000000000e+01,1.000000000000000000e+00,8.862500000000003708e-02
6.500000000000000000e+01,1.000000000000000000e+00,9.265000000000007951e-02
6.600000000000000000e+01,1.000000000000000000e+00,9.667500000000010807e-02
6.700000000000000000e+01,1.000000000000000000e+00,9.667500000000010807e-02
6.800000000000000000e+01,1.000000000000000000e+00,1.015000000000000624e-01
6.900000000000000000e+01,1.000000000000000000e+00,1.047250000000001791e-01
7.000000000000000000e+01,1.000000000000000000e+00,1.047250000000001791e-01
7.100000000000000000e+01,1.000000000000000000e+00,1.128000000000000114e-01
7.200000000000000000e+01,1.000000000000000000e+00,1.128000000000000114e-01
7.300000000000000000e+01,1.000000000000000000e+00,1.184250000000002245e-01
7.400000000000000000e+01,1.000000000000000000e+00,1.208500000000000824e-01
7.500000000000000000e+01,1.000000000000000000e+00,1.216499999999999942e-01
7.600000000000000000e+01,1.000000000000000000e+00,1.289000000000001533e-01
7.700000000000000000e+01,1.000000000000000000e+00,1.289000000000001533e-01
7.800000000000000000e+01,1.000000000000000000e+00,1.297000000000000652e-01
7.900000000000000000e+01,1.000000000000000000e+00,1.369500000000002105e-01
8.000000000000000000e+01,1.000000000000000000e+00,1.393750000000000822e-01
8.100000000000000000e+01,1.000000000000000000e+00,1.450249999999996819e-01
8.200000000000000000e+01,1.000000000000000000e+00,1.450249999999996819e-01
8.300000000000000000e+01,1.000000000000000000e+00,1.490499999999997383e-01
8.400000000000000000e+01,1.000000000000000000e+00,1.530750000000001276e-01
8.500000000000000000e+01,1.000000000000000000e+00,1.530750000000001276e-01
8.600000000000000000e+01,1.000000000000000000e+00,1.611250000000001847e-01
8.700000000000000000e+01,1.000000000000000000e+00,1.611250000000001847e-01
8.800000000000000000e+01,1.000000000000000000e+00,1.667750000000001731e-01
8.900000000000000000e+01,1.000000000000000000e+00,1.691750000000002419e-01
9.000000000000000000e+01,1.000000000000000000e+00,1.691750000000002419e-01
9.100000000000000000e+01,1.000000000000000000e+00,1.740250000000003183e-01
9.200000000000000000e+01,1.000000000000000000e+00,1.772499999999997411e-01
9.300000000000000000e+01,1.000000000000000000e+00,1.772499999999997411e-01
9.400000000000000000e+01,1.000000000000000000e+00,1.788500000000002588e-01
9.500000000000000000e+01,1.000000000000000000e+00,1.853000000000001590e-01
9.600000000000000000e+01,1.000000000000000000e+00,1.853000000000001590e-01
9.700000000000000000e+01,1.000000000000000000e+00,1.868999999999996220e-01
9.800000000000000000e+01,1.000000000000000000e+00,1.893250000000001876e-01
9.900000000000000000e+01,1.000000000000000000e+00,1.933500000000002161e-01
1.000000000000000000e+02,1.000000000000000000e+00,1.933500000000002161e-01
1.010000000000000000e+02,1.000000000000000000e+00,1.949750000000001759e-01
1.020000000000000000e+02,1.000000000000000000e+00,2.005999999999996675e-01
1.030000000000000000e+02,1.000000000000000000e+00,2.014249999999996876e-01
1.040000000000000000e+02,1.000000000000000000e+00,2.014249999999996876e-01
1.050000000000000000e+02,1.000000000000000000e+00,2.078500000000001735e-01
1.060000000000000000e+02,1.000000000000000000e+00,2.094750000000001333e-01
1.070000000000000000e+02,1.000000000000000000e+00,2.094750000000001333e-01
1.080000000000000000e+02,1.000000000000000000e+00,2.094750000000001333e-01
1.090000000000000000e+02,1.000000000000000000e+00,2.118750000000002021e-01
1.100000000000000000e+02,1.000000000000000000e+00,2.159249999999996450e-01
1.110000000000000000e+02,1.000000000000000000e+00,2.175250000000001904e-01
1.120000000000000000e+02,1.000000000000000000e+00,2.175250000000001904e-01
1.130000000000000000e+02,1.000000000000000000e+00,2.183249999999997415e-01
1.140000000000000000e+02,1.000000000000000000e+00,2.207500000000003071e-01
1.150000000000000000e+02,1.000000000000000000e+00,2.231750000000001788e-01
1.160000000000000000e+02,1.000000000000000000e+00,2.255750000000002475e-01
1.170000000000000000e+02,1.000000000000000000e+00,2.255750000000002475e-01
1.180000000000000000e+02,1.000000000000000000e+00,2.304250000000003240e-01
1.190000000000000000e+02,1.000000000000000000e+00,2.336499999999997468e-01
1.200000000000000000e+02,1.000000000000000000e+00,2.336499999999997468e-01
1.210000000000000000e+02,1.000000000000000000e+00,2.360500000000001763e-01
1.220000000000000000e+02,1.000000000000000000e+00,2.417000000000001647e-01
1.230000000000000000e+02,1.000000000000000000e+00,2.417000000000001647e-01
1.240000000000000000e+02,1.000000000000000000e+00,2.432999999999996277e-01
1.250000000000000000e+02,1.000000000000000000e+00,2.497500000000002218e-01
1.260000000000000000e+02,1.000000000000000000e+00,2.497500000000002218e-01
1.270000000000000000e+02,1.000000000000000000e+00,2.537750000000002504e-01
1.280000000000000000e+02,1.000000000000000000e+00,2.578000000000003067e-01
1.290000000000000000e+02,1.000000000000000000e+00,2.578000000000003067e-01
1.300000000000000000e+02,1.000000000000000000e+00,2.578000000000003067e-01
1.310000000000000000e+02,1.000000000000000000e+00,2.586250000000003268e-01
1.320000000000000000e+02,1.000000000000000000e+00,2.602250000000001506e-01
1.330000000000000000e+02,1.000000000000000000e+00,2.618499999999997496e-01
1.340000000000000000e+02,1.000000000000000000e+00,2.610249999999997295e-01
1.350000000000000000e+02,1.000000000000000000e+00,2.634500000000002951e-01
1.360000000000000000e+02,1.000000000000000000e+00,2.658750000000001390e-01
1.370000000000000000e+02,1.000000000000000000e+00,2.658750000000001390e-01
1.380000000000000000e+02,1.000000000000000000e+00,2.658750000000001390e-01
1.390000000000000000e+02,1.000000000000000000e+00,2.699000000000001398e-01
1.400000000000000000e+02,1.000000000000000000e+00,2.723000000000002641e-01
1.410000000000000000e+02,1.000000000000000000e+00,2.739250000000001961e-01
1.420000000000000000e+02,1.000000000000000000e+00,2.739250000000001961e-01
1.430000000000000000e+02,1.000000000000000000e+00,2.747250000000001080e-01
1.440000000000000000e+02,1.000000000000000000e+00,2.771500000000003405e-01
1.450000000000000000e+02,1.000000000000000000e+00,2.819750000000002532e-01
1.460000000000000000e+02,1.000000000000000000e+00,2.819750000000002532e-01
1.470000000000000000e+02,1.000000000000000000e+00,2.827750000000001651e-01
1.480000000000000000e+02,1.000000000000000000e+00,2.844000000000000972e-01
1.490000000000000000e+02,1.000000000000000000e+00,2.884250000000001535e-01
1.500000000000000000e+02,1.000000000000000000e+00,2.900249999999996442e-01
1.510000000000000000e+02,1.000000000000000000e+00,2.900249999999996442e-01
1.520000000000000000e+02,1.000000000000000000e+00,2.900249999999996442e-01
1.530000000000000000e+02,1.000000000000000000e+00,2.900249999999996442e-01
1.540000000000000000e+02,1.000000000000000000e+00,2.900249999999996442e-01
1.550000000000000000e+02,1.000000000000000000e+00,2.900249999999996442e-01
1.560000000000000000e+02,1.000000000000000000e+00,2.900249999999996442e-01
1.570000000000000000e+02,1.000000000000000000e+00,2.900249999999996442e-01
1.580000000000000000e+02,1.000000000000000000e+00,2.900249999999996442e-01
1.590000000000000000e+02,1.000000000000000000e+00,2.900249999999996442e-01
1.600000000000000000e+02,1.000000000000000000e+00,2.900249999999996442e-01
1.610000000000000000e+02,1.000000000000000000e+00,2.900249999999996442e-01
1.620000000000000000e+02,1.000000000000000000e+00,2.900249999999996442e-01
1.630000000000000000e+02,1.000000000000000000e+00,2.900249999999996442e-01
1.640000000000000000e+02,1.000000000000000000e+00,2.908499999999996644e-01
1.650000000000000000e+02,1.000000000000000000e+00,2.932499999999997331e-01
1.660000000000000000e+02,1.000000000000000000e+00,2.972750000000001225e-01
1.670000000000000000e+02,1.000000000000000000e+00,2.981000000000001426e-01
1.680000000000000000e+02,1.000000000000000000e+00,2.981000000000001426e-01
1.690000000000000000e+02,1.000000000000000000e+00,2.981000000000001426e-01
1.700000000000000000e+02,1.000000000000000000e+00,3.013250000000002871e-01
1.710000000000000000e+02,1.000000000000000000e+00,3.053500000000003434e-01
1.720000000000000000e+02,1.000000000000000000e+00,3.061500000000002553e-01
1.730000000000000000e+02,1.000000000000000000e+00,3.061500000000002553e-01
1.740000000000000000e+02,1.000000000000000000e+00,3.061500000000002553e-01
1.750000000000000000e+02,1.000000000000000000e+00,3.061500000000002553e-01
1.760000000000000000e+02,1.000000000000000000e+00,3.061500000000002553e-01
1.770000000000000000e+02,1.000000000000000000e+00,3.126000000000001000e-01
1.780000000000000000e+02,1.000000000000000000e+00,3.142000000000003124e-01
1.790000000000000000e+02,1.000000000000000000e+00,3.142000000000003124e-01
1.800000000000000000e+02,1.000000000000000000e+00,3.150000000000002243e-01
1.810000000000000000e+02,1.000000000000000000e+00,3.190499999999996672e-01
1.820000000000000000e+02,1.000000000000000000e+00,3.214499999999997359e-01
1.830000000000000000e+02,1.000000000000000000e+00,3.222750000000001447e-01
1.840000000000000000e+02,1.000000000000000000e+00,3.222750000000001447e-01
1.850000000000000000e+02,1.000000000000000000e+00,3.222750000000001447e-01
1.860000000000000000e+02,1.000000000000000000e+00,3.222750000000001447e-01
1.870000000000000000e+02,1.000000000000000000e+00,3.222750000000001447e-01
1.880000000000000000e+02,1.000000000000000000e+00,3.222750000000001447e-01
1.890000000000000000e+02,1.000000000000000000e+00,3.222750000000001447e-01
1.900000000000000000e+02,1.000000000000000000e+00,3.222750000000001447e-01
1.910000000000000000e+02,1.000000000000000000e+00,3.222750000000001447e-01
1.920000000000000000e+02,1.000000000000000000e+00,3.246750000000002134e-01
1.930000000000000000e+02,1.000000000000000000e+00,3.303250000000002018e-01
1.940000000000000000e+02,1.000000000000000000e+00,3.303250000000002018e-01
1.950000000000000000e+02,1.000000000000000000e+00,3.303250000000002018e-01
1.960000000000000000e+02,1.000000000000000000e+00,3.327250000000002705e-01
1.970000000000000000e+02,1.000000000000000000e+00,3.383750000000002589e-01
1.980000000000000000e+02,1.000000000000000000e+00,3.383750000000002589e-01
1.990000000000000000e+02,1.000000000000000000e+00,3.383750000000002589e-01
2.000000000000000000e+02,1.000000000000000000e+00,3.383750000000002589e-01
2.010000000000000000e+02,1.000000000000000000e+00,3.391750000000001708e-01
2.020000000000000000e+02,1.000000000000000000e+00,3.391750000000001708e-01
2.030000000000000000e+02,1.000000000000000000e+00,3.432000000000002271e-01
2.040000000000000000e+02,1.000000000000000000e+00,3.464249999999996499e-01
2.050000000000000000e+02,1.000000000000000000e+00,3.464249999999996499e-01
2.060000000000000000e+02,1.000000000000000000e+00,3.472499999999996700e-01
2.070000000000000000e+02,1.000000000000000000e+00,3.472499999999996700e-01
2.080000000000000000e+02,1.000000000000000000e+00,3.536750000000001282e-01
2.090000000000000000e+02,1.000000000000000000e+00,3.545000000000001483e-01
2.100000000000000000e+02,1.000000000000000000e+00,3.545000000000001483e-01
2.110000000000000000e+02,1.000000000000000000e+00,3.560999999999996390e-01
2.120000000000000000e+02,1.000000000000000000e+00,3.625500000000002609e-01
2.130000000000000000e+02,1.000000000000000000e+00,3.625500000000002609e-01
2.140000000000000000e+02,1.000000000000000000e+00,3.641499999999996962e-01
2.150000000000000000e+02,1.000000000000000000e+00,3.706000000000003181e-01
2.160000000000000000e+02,1.000000000000000000e+00,3.706000000000003181e-01
2.170000000000000000e+02,1.000000000000000000e+00,3.706000000000003181e-01
2.180000000000000000e+02,1.000000000000000000e+00,3.762500000000003064e-01
2.190000000000000000e+02,1.000000000000000000e+00,3.786499999999996535e-01
2.200000000000000000e+02,1.000000000000000000e+00,3.786499999999996535e-01
2.210000000000000000e+02,1.000000000000000000e+00,3.786499999999996535e-01
2.220000000000000000e+02,1.000000000000000000e+00,3.786499999999996535e-01
2.230000000000000000e+02,1.000000000000000000e+00,3.786499999999996535e-01
2.240000000000000000e+02,1.000000000000000000e+00,3.786499999999996535e-01
2.250000000000000000e+02,1.000000000000000000e+00,3.786499999999996535e-01
2.260000000000000000e+02,1.000000000000000000e+00,3.786499999999996535e-01
2.270000000000000000e+02,1.000000000000000000e+00,3.786499999999996535e-01
2.280000000000000000e+02,1.000000000000000000e+00,3.786499999999996535e-01
2.290000000000000000e+02,1.000000000000000000e+00,3.778500000000001302e-01
2.300000000000000000e+02,1.000000000000000000e+00,3.786499999999996535e-01
2.310000000000000000e+02,1.000000000000000000e+00,3.770500000000002183e-01
2.320000000000000000e+02,1.000000000000000000e+00,3.778500000000001302e-01
2.330000000000000000e+02,1.000000000000000000e+00,3.786499999999996535e-01
2.340000000000000000e+02,1.000000000000000000e+00,3.786499999999996535e-01
2.350000000000000000e+02,1.000000000000000000e+00,3.786499999999996535e-01
2.360000000000000000e+02,1.000000000000000000e+00,3.786499999999996535e-01
2.370000000000000000e+02,1.000000000000000000e+00,3.786499999999996535e-01
2.380000000000000000e+02,1.000000000000000000e+00,3.802750000000003072e-01
2.390000000000000000e+02,1.000000000000000000e+00,3.834999999999997300e-01
2.400000000000000000e+02,1.000000000000000000e+00,3.859000000000001873e-01
2.410000000000000000e+02,1.000000000000000000e+00,3.867250000000002075e-01
2.420000000000000000e+02,1.000000000000000000e+00,3.875250000000001194e-01
2.430000000000000000e+02,1.000000000000000000e+00,3.915500000000001757e-01
2.440000000000000000e+02,1.000000000000000000e+00,3.947750000000002646e-01
2.450000000000000000e+02,1.000000000000000000e+00,3.947750000000002646e-01
2.460000000000000000e+02,1.000000000000000000e+00,3.947750000000002646e-01
2.470000000000000000e+02,1.000000000000000000e+00,3.955750000000001765e-01
2.480000000000000000e+02,1.000000000000000000e+00,3.996000000000002328e-01
2.490000000000000000e+02,1.000000000000000000e+00,3.996000000000002328e-01
2.500000000000000000e+02,1.000000000000000000e+00,3.979999999999996874e-01
2.510000000000000000e+02,1.000000000000000000e+00,3.947750000000002646e-01
2.520000000000000000e+02,1.000000000000000000e+00,3.947750000000002646e-01
2.530000000000000000e+02,1.000000000000000000e+00,3.947750000000002646e-01
2.540000000000000000e+02,1.000000000000000000e+00,3.947750000000002646e-01
2.550000000000000000e+02,1.000000000000000000e+00,3.947750000000002646e-01
2.560000000000000000e+02,1.000000000000000000e+00,3.947750000000002646e-01
2.570000000000000000e+02,1.000000000000000000e+00,3.947750000000002646e-01
2.580000000000000000e+02,1.000000000000000000e+00,3.947750000000002646e-01
2.590000000000000000e+02,1.000000000000000000e+00,3.947750000000002646e-01
2.600000000000000000e+02,1.000000000000000000e+00,3.947750000000002646e-01
2.610000000000000000e+02,1.000000000000000000e+00,3.947750000000002646e-01
2.620000000000000000e+02,1.000000000000000000e+00,3.947750000000002646e-01
2.630000000000000000e+02,1.000000000000000000e+00,3.947750000000002646e-01
2.640000000000000000e+02,1.000000000000000000e+00,3.955750000000001765e-01
2.650000000000000000e+02,1.000000000000000000e+00,3.979999999999996874e-01
2.660000000000000000e+02,1.000000000000000000e+00,4.012250000000001648e-01
2.670000000000000000e+02,1.000000000000000000e+00,4.028249999999996556e-01
2.680000000000000000e+02,1.000000000000000000e+00,4.028249999999996556e-01
2.690000000000000000e+02,1.000000000000000000e+00,4.028249999999996556e-01
2.700000000000000000e+02,1.000000000000000000e+00,4.028249999999996556e-01
2.710000000000000000e+02,1.000000000000000000e+00,4.028249999999996556e-01
2.720000000000000000e+02,1.000000000000000000e+00,4.028249999999996556e-01
2.730000000000000000e+02,1.000000000000000000e+00,4.028249999999996556e-01
2.740000000000000000e+02,1.000000000000000000e+00,4.052500000000002212e-01
2.750000000000000000e+02,1.000000000000000000e+00,4.108749999999997127e-01
2.760000000000000000e+02,1.000000000000000000e+00,4.108749999999997127e-01
2.770000000000000000e+02,1.000000000000000000e+00,4.108749999999997127e-01
2.780000000000000000e+02,1.000000000000000000e+00,4.189500000000002666e-01
2.790000000000000000e+02,1.000000000000000000e+00,4.189500000000002666e-01
2.800000000000000000e+02,1.000000000000000000e+00,4.189500000000002666e-01
2.810000000000000000e+02,1.000000000000000000e+00,4.189500000000002666e-01
2.820000000000000000e+02,1.000000000000000000e+00,4.189500000000002666e-01
2.830000000000000000e+02,1.000000000000000000e+00,4.189500000000002666e-01
2.840000000000000000e+02,1.000000000000000000e+00,4.189500000000002666e-01
2.850000000000000000e+02,1.000000000000000000e+00,4.189500000000002666e-01
2.860000000000000000e+02,1.000000000000000000e+00,4.205499999999997018e-01
2.870000000000000000e+02,1.000000000000000000e+00,4.205499999999997018e-01
2.880000000000000000e+02,1.000000000000000000e+00,4.189500000000002666e-01
2.890000000000000000e+02,1.000000000000000000e+00,4.229750000000002674e-01
2.900000000000000000e+02,1.000000000000000000e+00,4.270000000000003237e-01
2.910000000000000000e+02,1.000000000000000000e+00,4.270000000000003237e-01
2.920000000000000000e+02,1.000000000000000000e+00,4.270000000000003237e-01
2.930000000000000000e+02,1.000000000000000000e+00,4.270000000000003237e-01
2.940000000000000000e+02,1.000000000000000000e+00,4.270000000000003237e-01
2.950000000000000000e+02,1.000000000000000000e+00,4.270000000000003237e-01
2.960000000000000000e+02,1.000000000000000000e+00,4.270000000000003237e-01
2.970000000000000000e+02,1.000000000000000000e+00,4.310249999999996584e-01
2.980000000000000000e+02,1.000000000000000000e+00,4.302249999999997465e-01
2.990000000000000000e+02,1.000000000000000000e+00,4.334500000000002240e-01
3.000000000000000000e+02,1.000000000000000000e+00,4.350499999999996592e-01
3.010000000000000000e+02,1.000000000000000000e+00,4.350499999999996592e-01
3.020000000000000000e+02,1.000000000000000000e+00,4.350499999999996592e-01
3.030000000000000000e+02,1.000000000000000000e+00,4.390749999999997155e-01
3.040000000000000000e+02,1.000000000000000000e+00,4.406999999999996476e-01
3.050000000000000000e+02,1.000000000000000000e+00,4.423000000000001930e-01
3.060000000000000000e+02,1.000000000000000000e+00,4.431250000000002132e-01
3.070000000000000000e+02,1.000000000000000000e+00,4.431250000000002132e-01
3.080000000000000000e+02,1.000000000000000000e+00,4.431250000000002132e-01
3.090000000000000000e+02,1.000000000000000000e+00,4.431250000000002132e-01
3.100000000000000000e+02,1.000000000000000000e+00,4.431250000000002132e-01
3.110000000000000000e+02,1.000000000000000000e+00,4.487499999999997047e-01
3.120000000000000000e+02,1.000000000000000000e+00,4.511750000000002703e-01
3.130000000000000000e+02,1.000000000000000000e+00,4.511750000000002703e-01
3.140000000000000000e+02,1.000000000000000000e+00,4.511750000000002703e-01
3.150000000000000000e+02,1.000000000000000000e+00,4.511750000000002703e-01
3.160000000000000000e+02,1.000000000000000000e+00,4.543999999999996930e-01
3.170000000000000000e+02,1.000000000000000000e+00,4.584249999999997494e-01
3.180000000000000000e+02,1.000000000000000000e+00,4.592249999999996612e-01
3.190000000000000000e+02,1.000000000000000000e+00,4.592249999999996612e-01
3.200000000000000000e+02,1.000000000000000000e+00,4.592249999999996612e-01
3.210000000000000000e+02,1.000000000000000000e+00,4.592249999999996612e-01
3.220000000000000000e+02,1.000000000000000000e+00,4.592249999999996612e-01
3.230000000000000000e+02,1.000000000000000000e+00,4.592249999999996612e-01
3.240000000000000000e+02,1.000000000000000000e+00,4.608250000000001512e-01
3.250000000000000000e+02,1.000000000000000000e+00,4.632499999999996620e-01
3.260000000000000000e+02,1.000000000000000000e+00,4.656750000000002276e-01
3.270000000000000000e+02,1.000000000000000000e+00,4.672749999999997184e-01
3.280000000000000000e+02,1.000000000000000000e+00,4.672749999999997184e-01
3.290000000000000000e+02,1.000000000000000000e+00,4.672749999999997184e-01
3.300000000000000000e+02,1.000000000000000000e+00,4.672749999999997184e-01
3.310000000000000000e+02,1.000000000000000000e+00,4.688999999999996504e-01
3.320000000000000000e+02,1.000000000000000000e+00,4.705000000000001958e-01
3.330000000000000000e+02,1.000000000000000000e+00,4.753500000000002723e-01
3.340000000000000000e+02,1.000000000000000000e+00,4.753500000000002723e-01
3.350000000000000000e+02,1.000000000000000000e+00,4.753500000000002723e-01
3.360000000000000000e+02,1.000000000000000000e+00,4.753500000000002723e-01
3.370000000000000000e+02,1.000000000000000000e+00,4.753500000000002723e-01
3.380000000000000000e+02,1.000000000000000000e+00,4.753500000000002723e-01
3.390000000000000000e+02,1.000000000000000000e+00,4.825999999999996959e-01
3.400000000000000000e+02,1.000000000000000000e+00,4.834000000000003294e-01
3.410000000000000000e+02,1.000000000000000000e+00,4.834000000000003294e-01
3.420000000000000000e+02,1.000000000000000000e+00,4.834000000000003294e-01
3.430000000000000000e+02,1.000000000000000000e+00,4.834000000000003294e-01
3.440000000000000000e+02,1.000000000000000000e+00,4.834000000000003294e-01
3.450000000000000000e+02,1.000000000000000000e+00,4.834000000000003294e-01
3.460000000000000000e+02,1.000000000000000000e+00,4.834000000000003294e-01
3.470000000000000000e+02,1.000000000000000000e+00,4.834000000000003294e-01
3.480000000000000000e+02,1.000000000000000000e+00,4.834000000000003294e-01
3.490000000000000000e+02,1.000000000000000000e+00,4.834000000000003294e-01
3.500000000000000000e+02,1.000000000000000000e+00,4.834000000000003294e-01
3.510000000000000000e+02,1.000000000000000000e+00,4.834000000000003294e-01
3.520000000000000000e+02,1.000000000000000000e+00,4.825999999999996959e-01
3.530000000000000000e+02,1.000000000000000000e+00,4.825999999999996959e-01
3.540000000000000000e+02,1.000000000000000000e+00,4.825999999999996959e-01
3.550000000000000000e+02,1.000000000000000000e+00,4.825999999999996959e-01
3.560000000000000000e+02,1.000000000000000000e+00,4.834000000000003294e-01
3.570000000000000000e+02,1.000000000000000000e+00,4.834000000000003294e-01
3.580000000000000000e+02,1.000000000000000000e+00,4.825999999999996959e-01
3.590000000000000000e+02,1.000000000000000000e+00,4.834000000000003294e-01
3.600000000000000000e+02,1.000000000000000000e+00,4.834000000000003294e-01
3.610000000000000000e+02,1.000000000000000000e+00,4.834000000000003294e-01
3.620000000000000000e+02,1.000000000000000000e+00,4.834000000000003294e-01
3.630000000000000000e+02,1.000000000000000000e+00,4.834000000000003294e-01
3.640000000000000000e+02,1.000000000000000000e+00,4.834000000000003294e-01
3.650000000000000000e+02,1.000000000000000000e+00,4.834000000000003294e-01
3.660000000000000000e+02,1.000000000000000000e+00,4.834000000000003294e-01
3.670000000000000000e+02,1.000000000000000000e+00,4.834000000000003294e-01
3.680000000000000000e+02,1.000000000000000000e+00,4.834000000000003294e-01
3.690000000000000000e+02,1.000000000000000000e+00,4.834000000000003294e-01
3.700000000000000000e+02,1.000000000000000000e+00,4.834000000000003294e-01
3.710000000000000000e+02,1.000000000000000000e+00,4.834000000000003294e-01
3.720000000000000000e+02,1.000000000000000000e+00,4.825999999999996959e-01
3.730000000000000000e+02,1.000000000000000000e+00,4.793750000000002731e-01
3.740000000000000000e+02,1.000000000000000000e+00,4.761500000000001842e-01
3.750000000000000000e+02,1.000000000000000000e+00,4.753500000000002723e-01
3.760000000000000000e+02,1.000000000000000000e+00,4.753500000000002723e-01
3.770000000000000000e+02,1.000000000000000000e+00,4.753500000000002723e-01
3.780000000000000000e+02,1.000000000000000000e+00,4.753500000000002723e-01
3.790000000000000000e+02,1.000000000000000000e+00,4.753500000000002723e-01
3.800000000000000000e+02,1.000000000000000000e+00,4.753500000000002723e-01
3.810000000000000000e+02,1.000000000000000000e+00,4.753500000000002723e-01
3.820000000000000000e+02,1.000000000000000000e+00,4.753500000000002723e-01
3.830000000000000000e+02,1.000000000000000000e+00,4.753500000000002723e-01
3.840000000000000000e+02,1.000000000000000000e+00,4.753500000000002723e-01
3.850000000000000000e+02,1.000000000000000000e+00,4.753500000000002723e-01
3.860000000000000000e+02,1.000000000000000000e+00,4.753500000000002723e-01
3.870000000000000000e+02,1.000000000000000000e+00,4.753500000000002723e-01
3.880000000000000000e+02,1.000000000000000000e+00,4.753500000000002723e-01
3.890000000000000000e+02,1.000000000000000000e+00,4.753500000000002723e-01
3.900000000000000000e+02,1.000000000000000000e+00,4.793750000000002731e-01
3.910000000000000000e+02,1.000000000000000000e+00,4.834000000000003294e-01
3.920000000000000000e+02,1.000000000000000000e+00,4.834000000000003294e-01
3.930000000000000000e+02,1.000000000000000000e+00,4.834000000000003294e-01
3.940000000000000000e+02,1.000000000000000000e+00,4.834000000000003294e-01
3.950000000000000000e+02,1.000000000000000000e+00,4.834000000000003294e-01
3.960000000000000000e+02,1.000000000000000000e+00,4.834000000000003294e-01
3.970000000000000000e+02,1.000000000000000000e+00,4.834000000000003294e-01
3.980000000000000000e+02,1.000000000000000000e+00,4.834000000000003294e-01
3.990000000000000000e+02,1.000000000000000000e+00,4.834000000000003294e-01
4.000000000000000000e+02,1.000000000000000000e+00,4.866249999999997522e-01
4.010000000000000000e+02,1.000000000000000000e+00,4.890250000000001540e-01
4.020000000000000000e+02,1.000000000000000000e+00,4.898500000000002297e-01
4.030000000000000000e+02,1.000000000000000000e+00,4.914499999999996649e-01
4.040000000000000000e+02,1.000000000000000000e+00,4.914499999999996649e-01
4.050000000000000000e+02,1.000000000000000000e+00,4.914499999999996649e-01
4.060000000000000000e+02,1.000000000000000000e+00,4.914499999999996649e-01
4.070000000000000000e+02,1.000000000000000000e+00,4.914499999999996649e-01
4.080000000000000000e+02,1.000000000000000000e+00,4.922500000000002984e-01
4.090000000000000000e+02,1.000000000000000000e+00,4.914499999999996649e-01
4.100000000000000000e+02,1.000000000000000000e+00,4.914499999999996649e-01
4.110000000000000000e+02,1.000000000000000000e+00,4.914499999999996649e-01
4.120000000000000000e+02,1.000000000000000000e+00,4.914499999999996649e-01
4.130000000000000000e+02,1.000000000000000000e+00,4.914499999999996649e-01
4.140000000000000000e+02,1.000000000000000000e+00,4.914499999999996649e-01
4.150000000000000000e+02,1.000000000000000000e+00,4.954749999999997212e-01
4.160000000000000000e+02,1.000000000000000000e+00,4.994999999999997220e-01
4.170000000000000000e+02,1.000000000000000000e+00,4.994999999999997220e-01
4.180000000000000000e+02,1.000000000000000000e+00,4.994999999999997220e-01
4.190000000000000000e+02,1.000000000000000000e+00,4.994999999999997220e-01
4.200000000000000000e+02,1.000000000000000000e+00,5.003250000000001307e-01
4.210000000000000000e+02,1.000000000000000000e+00,5.019250000000002876e-01
4.220000000000000000e+02,1.000000000000000000e+00,4.994999999999997220e-01
4.230000000000000000e+02,1.000000000000000000e+00,5.027250000000001995e-01
4.240000000000000000e+02,1.000000000000000000e+00,5.051499999999997659e-01
4.250000000000000000e+02,1.000000000000000000e+00,5.075750000000003315e-01
4.260000000000000000e+02,1.000000000000000000e+00,5.075750000000003315e-01
4.270000000000000000e+02,1.000000000000000000e+00,5.075750000000003315e-01
4.280000000000000000e+02,1.000000000000000000e+00,5.075750000000003315e-01
4.290000000000000000e+02,1.000000000000000000e+00,5.083750000000002434e-01
4.300000000000000000e+02,1.000000000000000000e+00,5.075750000000003315e-01
4.310000000000000000e+02,1.000000000000000000e+00,5.075750000000003315e-01
4.320000000000000000e+02,1.000000000000000000e+00,5.075750000000003315e-01
4.330000000000000000e+02,1.000000000000000000e+00,5.083750000000002434e-01
4.340000000000000000e+02,1.000000000000000000e+00,5.075750000000003315e-01
4.350000000000000000e+02,1.000000000000000000e+00,5.083750000000002434e-01
4.360000000000000000e+02,1.000000000000000000e+00,5.099749999999996231e-01
4.370000000000000000e+02,1.000000000000000000e+00,5.148249999999997550e-01
4.380000000000000000e+02,1.000000000000000000e+00,5.156249999999996669e-01
4.390000000000000000e+02,1.000000000000000000e+00,5.156249999999996669e-01
4.400000000000000000e+02,1.000000000000000000e+00,5.156249999999996669e-01
4.410000000000000000e+02,1.000000000000000000e+00,5.156249999999996669e-01
4.420000000000000000e+02,1.000000000000000000e+00,5.156249999999996669e-01
4.430000000000000000e+02,1.000000000000000000e+00,5.156249999999996669e-01
4.440000000000000000e+02,1.000000000000000000e+00,5.172250000000001569e-01
4.450000000000000000e+02,1.000000000000000000e+00,5.212500000000002132e-01
4.460000000000000000e+02,1.000000000000000000e+00,5.212500000000002132e-01
4.470000000000000000e+02,1.000000000000000000e+00,5.236749999999996685e-01
4.480000000000000000e+02,1.000000000000000000e+00,5.236749999999996685e-01
4.490000000000000000e+02,1.000000000000000000e+00,5.236749999999996685e-01
4.500000000000000000e+02,1.000000000000000000e+00,5.236749999999996685e-01
4.510000000000000000e+02,1.000000000000000000e+00,5.236749999999996685e-01
4.520000000000000000e+02,1.000000000000000000e+00,5.236749999999996685e-01
4.530000000000000000e+02,1.000000000000000000e+00,5.236749999999996685e-01
4.540000000000000000e+02,1.000000000000000000e+00,5.236749999999996685e-01
4.550000000000000000e+02,1.000000000000000000e+00,5.236749999999996685e-01
4.560000000000000000e+02,1.000000000000000000e+00,5.236749999999996685e-01
4.570000000000000000e+02,1.000000000000000000e+00,5.228750000000002007e-01
4.580000000000000000e+02,1.000000000000000000e+00,5.228750000000002007e-01
4.590000000000000000e+02,1.000000000000000000e+00,5.236749999999996685e-01
4.600000000000000000e+02,1.000000000000000000e+00,5.236749999999996685e-01
4.610000000000000000e+02,1.000000000000000000e+00,5.236749999999996685e-01
4.620000000000000000e+02,1.000000000000000000e+00,5.228750000000002007e-01
4.630000000000000000e+02,1.000000000000000000e+00,5.220750000000002888e-01
4.640000000000000000e+02,1.000000000000000000e+00,5.228750000000002007e-01
4.650000000000000000e+02,1.000000000000000000e+00,5.196499999999997232e-01
4.660000000000000000e+02,1.000000000000000000e+00,5.156249999999996669e-01
4.670000000000000000e+02,1.000000000000000000e+00,5.172250000000001569e-01
4.680000000000000000e+02,1.000000000000000000e+00,5.156249999999996669e-01
4.690000000000000000e+02,1.000000000000000000e+00,5.156249999999996669e-01
4.700000000000000000e+02,1.000000000000000000e+00,5.156249999999996669e-01
4.710000000000000000e+02,1.000000000000000000e+00,5.148249999999997550e-01
4.720000000000000000e+02,1.000000000000000000e+00,5.156249999999996669e-01
4.730000000000000000e+02,1.000000000000000000e+00,5.139999999999996794e-01
4.740000000000000000e+02,1.000000000000000000e+00,5.156249999999996669e-01
4.750000000000000000e+02,1.000000000000000000e+00,5.124000000000001886e-01
4.760000000000000000e+02,1.000000000000000000e+00,5.091750000000001553e-01
4.770000000000000000e+02,1.000000000000000000e+00,5.116000000000002768e-01
4.780000000000000000e+02,1.000000000000000000e+00,5.075750000000003315e-01
4.790000000000000000e+02,1.000000000000000000e+00,5.075750000000003315e-01
4.800000000000000000e+02,1.000000000000000000e+00,5.075750000000003315e-01
4.810000000000000000e+02,1.000000000000000000e+00,5.075750000000003315e-01
4.820000000000000000e+02,1.000000000000000000e+00,5.075750000000003315e-01
4.830000000000000000e+02,1.000000000000000000e+00,5.148249999999997550e-01
4.840000000000000000e+02,1.000000000000000000e+00,5.116000000000002768e-01
4.850000000000000000e+02,1.000000000000000000e+00,5.132000000000001005e-01
4.860000000000000000e+02,1.000000000000000000e+00,5.139999999999996794e-01
4.870000000000000000e+02,1.000000000000000000e+00,5.156249999999996669e-01
4.880000000000000000e+02,1.000000000000000000e+00,5.156249999999996669e-01
4.890000000000000000e+02,1.000000000000000000e+00,5.156249999999996669e-01
4.900000000000000000e+02,1.000000000000000000e+00,5.156249999999996669e-01
4.910000000000000000e+02,1.000000000000000000e+00,5.164250000000002450e-01
4.920000000000000000e+02,1.000000000000000000e+00,5.180500000000002325e-01
4.930000000000000000e+02,1.000000000000000000e+00,5.180500000000002325e-01
4.940000000000000000e+02,1.000000000000000000e+00,5.180500000000002325e-01
4.950000000000000000e+02,1.000000000000000000e+00,5.220750000000002888e-01
4.960000000000000000e+02,1.000000000000000000e+00,5.212500000000002132e-01
4.970000000000000000e+02,1.000000000000000000e+00,5.220750000000002888e-01
4.980000000000000000e+02,1.000000000000000000e+00,5.220750000000002888e-01
4.990000000000000000e+02,1.000000000000000000e+00,5.236749999999996685e-01
5.000000000000000000e+02,1.000000000000000000e+00,5.236749999999996685e-01
5.010000000000000000e+02,1.000000000000000000e+00,5.236749999999996685e-01
5.020000000000000000e+02,1.000000000000000000e+00,5.236749999999996685e-01
5.030000000000000000e+02,1.000000000000000000e+00,5.236749999999996685e-01
5.040000000000000000e+02,1.000000000000000000e+00,5.236749999999996685e-01
5.050000000000000000e+02,1.000000000000000000e+00,5.244749999999995804e-01
5.060000000000000000e+02,1.000000000000000000e+00,5.276999999999997248e-01
5.070000000000000000e+02,1.000000000000000000e+00,5.309250000000002023e-01
5.080000000000000000e+02,1.000000000000000000e+00,5.309250000000002023e-01
5.090000000000000000e+02,1.000000000000000000e+00,5.317250000000001142e-01
5.100000000000000000e+02,1.000000000000000000e+00,5.317250000000001142e-01
5.110000000000000000e+02,1.000000000000000000e+00,5.317250000000001142e-01
5.120000000000000000e+02,1.000000000000000000e+00,5.301250000000002904e-01
5.130000000000000000e+02,1.000000000000000000e+00,5.309250000000002023e-01
5.140000000000000000e+02,1.000000000000000000e+00,5.269000000000001460e-01
5.150000000000000000e+02,1.000000000000000000e+00,5.236749999999996685e-01
5.160000000000000000e+02,1.000000000000000000e+00,5.236749999999996685e-01
5.170000000000000000e+02,1.000000000000000000e+00,5.236749999999996685e-01
5.180000000000000000e+02,1.000000000000000000e+00,5.244749999999995804e-01
5.190000000000000000e+02,1.000000000000000000e+00,5.244749999999995804e-01
5.200000000000000000e+02,1.000000000000000000e+00,5.293249999999997124e-01
5.210000000000000000e+02,1.000000000000000000e+00,5.317250000000001142e-01
5.220000000000000000e+02,1.000000000000000000e+00,5.317250000000001142e-01
5.230000000000000000e+02,1.000000000000000000e+00,5.317250000000001142e-01
5.240000000000000000e+02,1.000000000000000000e+00,5.317250000000001142e-01
5.250000000000000000e+02,1.000000000000000000e+00,5.317250000000001142e-01
5.260000000000000000e+02,1.000000000000000000e+00,5.317250000000001142e-01
5.270000000000000000e+02,1.000000000000000000e+00,5.317250000000001142e-01
5.280000000000000000e+02,1.000000000000000000e+00,5.317250000000001142e-01
5.290000000000000000e+02,1.000000000000000000e+00,5.317250000000001142e-01
5.300000000000000000e+02,1.000000000000000000e+00,5.317250000000001142e-01
5.310000000000000000e+02,1.000000000000000000e+00,5.317250000000001142e-01
5.320000000000000000e+02,1.000000000000000000e+00,5.317250000000001142e-01
5.330000000000000000e+02,1.000000000000000000e+00,5.317250000000001142e-01
5.340000000000000000e+02,1.000000000000000000e+00,5.317250000000001142e-01
5.350000000000000000e+02,1.000000000000000000e+00,5.317250000000001142e-01
5.360000000000000000e+02,1.000000000000000000e+00,5.325500000000001899e-01
5.370000000000000000e+02,1.000000000000000000e+00,5.317250000000001142e-01
5.380000000000000000e+02,1.000000000000000000e+00,5.317250000000001142e-01
5.390000000000000000e+02,1.000000000000000000e+00,5.317250000000001142e-01
5.400000000000000000e+02,1.000000000000000000e+00,5.276999999999997248e-01
5.410000000000000000e+02,1.000000000000000000e+00,5.236749999999996685e-01
5.420000000000000000e+02,1.000000000000000000e+00,5.236749999999996685e-01
5.430000000000000000e+02,1.000000000000000000e+00,5.220750000000002888e-01
5.440000000000000000e+02,1.000000000000000000e+00,5.236749999999996685e-01
5.450000000000000000e+02,1.000000000000000000e+00,5.236749999999996685e-01
5.460000000000000000e+02,1.000000000000000000e+00,5.236749999999996685e-01
5.470000000000000000e+02,1.000000000000000000e+00,5.236749999999996685e-01
5.480000000000000000e+02,1.000000000000000000e+00,5.236749999999996685e-01
5.490000000000000000e+02,1.000000000000000000e+00,5.236749999999996685e-01
5.500000000000000000e+02,1.000000000000000000e+00,5.269000000000001460e-01
5.510000000000000000e+02,1.000000000000000000e+00,5.301250000000002904e-01
5.520000000000000000e+02,1.000000000000000000e+00,5.317250000000001142e-01
5.530000000000000000e+02,1.000000000000000000e+00,5.317250000000001142e-01
5.540000000000000000e+02,1.000000000000000000e+00,5.317250000000001142e-01
5.550000000000000000e+02,1.000000000000000000e+00,5.325500000000001899e-01
5.560000000000000000e+02,1.000000000000000000e+00,5.317250000000001142e-01
5.570000000000000000e+02,1.000000000000000000e+00,5.333499999999997687e-01
5.580000000000000000e+02,1.000000000000000000e+00,5.325500000000001899e-01
5.590000000000000000e+02,1.000000000000000000e+00,5.357750000000003343e-01
5.600000000000000000e+02,1.000000000000000000e+00,5.398000000000002796e-01
5.610000000000000000e+02,1.000000000000000000e+00,5.398000000000002796e-01
5.620000000000000000e+02,1.000000000000000000e+00,5.398000000000002796e-01
5.630000000000000000e+02,1.000000000000000000e+00,5.398000000000002796e-01
5.640000000000000000e+02,1.000000000000000000e+00,5.398000000000002796e-01
5.650000000000000000e+02,1.000000000000000000e+00,5.398000000000002796e-01
5.660000000000000000e+02,1.000000000000000000e+00,5.430249999999997579e-01
5.670000000000000000e+02,1.000000000000000000e+00,5.470500000000001473e-01
5.680000000000000000e+02,1.000000000000000000e+00,5.478499999999997261e-01
5.690000000000000000e+02,1.000000000000000000e+00,5.478499999999997261e-01
5.700000000000000000e+02,1.000000000000000000e+00,5.478499999999997261e-01
5.710000000000000000e+02,1.000000000000000000e+00,5.478499999999997261e-01
5.720000000000000000e+02,1.000000000000000000e+00,5.478499999999997261e-01
5.730000000000000000e+02,1.000000000000000000e+00,5.478499999999997261e-01
5.740000000000000000e+02,1.000000000000000000e+00,5.478499999999997261e-01
5.750000000000000000e+02,1.000000000000000000e+00,5.478499999999997261e-01
5.760000000000000000e+02,1.000000000000000000e+00,5.478499999999997261e-01
5.770000000000000000e+02,1.000000000000000000e+00,5.478499999999997261e-01
5.780000000000000000e+02,1.000000000000000000e+00,5.478499999999997261e-01
5.790000000000000000e+02,1.000000000000000000e+00,5.494500000000002160e-01
5.800000000000000000e+02,1.000000000000000000e+00,5.510750000000002036e-01
5.810000000000000000e+02,1.000000000000000000e+00,5.534999999999996589e-01
5.820000000000000000e+02,1.000000000000000000e+00,5.551000000000001489e-01
5.830000000000000000e+02,1.000000000000000000e+00,5.543000000000002370e-01
5.840000000000000000e+02,1.000000000000000000e+00,5.526749999999995833e-01
5.850000000000000000e+02,1.000000000000000000e+00,5.526749999999995833e-01
5.860000000000000000e+02,1.000000000000000000e+00,5.543000000000002370e-01
5.870000000000000000e+02,1.000000000000000000e+00,5.534999999999996589e-01
5.880000000000000000e+02,1.000000000000000000e+00,5.559000000000000608e-01
5.890000000000000000e+02,1.000000000000000000e+00,5.559000000000000608e-01
5.900000000000000000e+02,1.000000000000000000e+00,5.559000000000000608e-01
5.910000000000000000e+02,1.000000000000000000e+00,5.559000000000000608e-01
5.920000000000000000e+02,1.000000000000000000e+00,5.559000000000000608e-01
5.930000000000000000e+02,1.000000000000000000e+00,5.559000000000000608e-01
5.940000000000000000e+02,1.000000000000000000e+00,5.559000000000000608e-01
5.950000000000000000e+02,1.000000000000000000e+00,5.559000000000000608e-01
5.960000000000000000e+02,1.000000000000000000e+00,5.566999999999996396e-01
5.970000000000000000e+02,1.000000000000000000e+00,5.559000000000000608e-01
5.980000000000000000e+02,1.000000000000000000e+00,5.599250000000001171e-01
5.990000000000000000e+02,1.000000000000000000e+00,5.623499999999996835e-01
6.000000000000000000e+02,1.000000000000000000e+00,5.639500000000001734e-01
6.010000000000000000e+02,1.000000000000000000e+00,5.639500000000001734e-01
6.020000000000000000e+02,1.000000000000000000e+00,5.639500000000001734e-01
6.030000000000000000e+02,1.000000000000000000e+00,5.639500000000001734e-01
6.040000000000000000e+02,1.000000000000000000e+00,5.639500000000001734e-01
6.050000000000000000e+02,1.000000000000000000e+00,5.639500000000001734e-01
6.060000000000000000e+02,1.000000000000000000e+00,5.639500000000001734e-01
6.070000000000000000e+02,1.000000000000000000e+00,5.639500000000001734e-01
6.080000000000000000e+02,1.000000000000000000e+00,5.639500000000001734e-01
6.090000000000000000e+02,1.000000000000000000e+00,5.639500000000001734e-01
6.100000000000000000e+02,1.000000000000000000e+00,5.639500000000001734e-01
6.110000000000000000e+02,1.000000000000000000e+00,5.623499999999996835e-01
6.120000000000000000e+02,1.000000000000000000e+00,5.615499999999997716e-01
6.130000000000000000e+02,1.000000000000000000e+00,5.566999999999996396e-01
6.140000000000000000e+02,1.000000000000000000e+00,5.566999999999996396e-01
6.150000000000000000e+02,1.000000000000000000e+00,5.559000000000000608e-01
6.160000000000000000e+02,1.000000000000000000e+00,5.559000000000000608e-01
6.170000000000000000e+02,1.000000000000000000e+00,5.559000000000000608e-01
6.180000000000000000e+02,1.000000000000000000e+00,5.559000000000000608e-01
6.190000000000000000e+02,1.000000000000000000e+00,5.566999999999996396e-01
6.200000000000000000e+02,1.000000000000000000e+00,5.559000000000000608e-01
6.210000000000000000e+02,1.000000000000000000e+00,5.559000000000000608e-01
6.220000000000000000e+02,1.000000000000000000e+00,5.559000000000000608e-01
6.230000000000000000e+02,1.000000000000000000e+00,5.559000000000000608e-01
6.240000000000000000e+02,1.000000000000000000e+00,5.559000000000000608e-01
6.250000000000000000e+02,1.000000000000000000e+00,5.559000000000000608e-01
6.260000000000000000e+02,1.000000000000000000e+00,5.559000000000000608e-01
6.270000000000000000e+02,1.000000000000000000e+00,5.559000000000000608e-01
6.280000000000000000e+02,1.000000000000000000e+00,5.559000000000000608e-01
6.290000000000000000e+02,1.000000000000000000e+00,5.559000000000000608e-01
6.300000000000000000e+02,1.000000000000000000e+00,5.559000000000000608e-01
6.310000000000000000e+02,1.000000000000000000e+00,5.566999999999996396e-01
6.320000000000000000e+02,1.000000000000000000e+00,5.583250000000002933e-01
6.330000000000000000e+02,1.000000000000000000e+00,5.583250000000002933e-01
6.340000000000000000e+02,1.000000000000000000e+00,5.615499999999997716e-01
6.350000000000000000e+02,1.000000000000000000e+00,5.639500000000001734e-01
6.360000000000000000e+02,1.000000000000000000e+00,5.639500000000001734e-01
6.370000000000000000e+02,1.000000000000000000e+00,5.639500000000001734e-01
6.380000000000000000e+02,1.000000000000000000e+00,5.631500000000002615e-01
6.390000000000000000e+02,1.000000000000000000e+00,5.631500000000002615e-01
6.400000000000000000e+02,1.000000000000000000e+00,5.623499999999996835e-01
6.410000000000000000e+02,1.000000000000000000e+00,5.631500000000002615e-01
6.420000000000000000e+02,1.000000000000000000e+00,5.591250000000002052e-01
6.430000000000000000e+02,1.000000000000000000e+00,5.559000000000000608e-01
6.440000000000000000e+02,1.000000000000000000e+00,5.559000000000000608e-01
6.450000000000000000e+02,1.000000000000000000e+00,5.559000000000000608e-01
6.460000000000000000e+02,1.000000000000000000e+00,5.559000000000000608e-01
6.470000000000000000e+02,1.000000000000000000e+00,5.559000000000000608e-01
6.480000000000000000e+02,1.000000000000000000e+00,5.559000000000000608e-01
6.490000000000000000e+02,1.000000000000000000e+00,5.559000000000000608e-01
6.500000000000000000e+02,1.000000000000000000e+00,5.559000000000000608e-01
6.510000000000000000e+02,1.000000000000000000e+00,5.559000000000000608e-01
6.520000000000000000e+02,1.000000000000000000e+00,5.559000000000000608e-01
6.530000000000000000e+02,1.000000000000000000e+00,5.566999999999996396e-01
6.540000000000000000e+02,1.000000000000000000e+00,5.591250000000002052e-01
6.550000000000000000e+02,1.000000000000000000e+00,5.559000000000000608e-01
6.560000000000000000e+02,1.000000000000000000e+00,5.559000000000000608e-01
6.570000000000000000e+02,1.000000000000000000e+00,5.591250000000002052e-01
6.580000000000000000e+02,1.000000000000000000e+00,5.583250000000002933e-01
6.590000000000000000e+02,1.000000000000000000e+00,5.575249999999997152e-01
6.600000000000000000e+02,1.000000000000000000e+00,5.559000000000000608e-01
6.610000000000000000e+02,1.000000000000000000e+00,5.559000000000000608e-01
6.620000000000000000e+02,1.000000000000000000e+00,5.559000000000000608e-01
6.630000000000000000e+02,1.000000000000000000e+00,5.502750000000002917e-01
6.640000000000000000e+02,1.000000000000000000e+00,5.478499999999997261e-01
6.650000000000000000e+02,1.000000000000000000e+00,5.478499999999997261e-01
6.660000000000000000e+02,1.000000000000000000e+00,5.486500000000003041e-01
6.670000000000000000e+02,1.000000000000000000e+00,5.478499999999997261e-01
6.680000000000000000e+02,1.000000000000000000e+00,5.494500000000002160e-01
6.690000000000000000e+02,1.000000000000000000e+00,5.478499999999997261e-01
6.700000000000000000e+02,1.000000000000000000e+00,5.478499999999997261e-01
6.710000000000000000e+02,1.000000000000000000e+00,5.478499999999997261e-01
6.720000000000000000e+02,1.000000000000000000e+00,5.478499999999997261e-01
6.730000000000000000e+02,1.000000000000000000e+00,5.438249999999996698e-01
6.740000000000000000e+02,1.000000000000000000e+00,5.414000000000001034e-01
6.750000000000000000e+02,1.000000000000000000e+00,5.398000000000002796e-01
6.760000000000000000e+02,1.000000000000000000e+00,5.398000000000002796e-01
6.770000000000000000e+02,1.000000000000000000e+00,5.398000000000002796e-01
6.780000000000000000e+02,1.000000000000000000e+00,5.398000000000002796e-01
6.790000000000000000e+02,1.000000000000000000e+00,5.398000000000002796e-01
6.800000000000000000e+02,1.000000000000000000e+00,5.398000000000002796e-01
6.810000000000000000e+02,1.000000000000000000e+00,5.414000000000001034e-01
6.820000000000000000e+02,1.000000000000000000e+00,5.462500000000002354e-01
6.830000000000000000e+02,1.000000000000000000e+00,5.478499999999997261e-01
6.840000000000000000e+02,1.000000000000000000e+00,5.478499999999997261e-01
6.850000000000000000e+02,1.000000000000000000e+00,5.478499999999997261e-01
6.860000000000000000e+02,1.000000000000000000e+00,5.478499999999997261e-01
6.870000000000000000e+02,1.000000000000000000e+00,5.478499999999997261e-01
6.880000000000000000e+02,1.000000000000000000e+00,5.478499999999997261e-01
6.890000000000000000e+02,1.000000000000000000e+00,5.478499999999997261e-01
6.900000000000000000e+02,1.000000000000000000e+00,5.478499999999997261e-01
6.910000000000000000e+02,1.000000000000000000e+00,5.478499999999997261e-01
6.920000000000000000e+02,1.000000000000000000e+00,5.478499999999997261e-01
6.930000000000000000e+02,1.000000000000000000e+00,5.478499999999997261e-01
6.940000000000000000e+02,1.000000000000000000e+00,5.478499999999997261e-01
6.950000000000000000e+02,1.000000000000000000e+00,5.478499999999997261e-01
6.960000000000000000e+02,1.000000000000000000e+00,5.478499999999997261e-01
6.970000000000000000e+02,1.000000000000000000e+00,5.478499999999997261e-01
6.980000000000000000e+02,1.000000000000000000e+00,5.478499999999997261e-01
6.990000000000000000e+02,1.000000000000000000e+00,5.478499999999997261e-01
7.000000000000000000e+02,1.000000000000000000e+00,5.478499999999997261e-01
7.010000000000000000e+02,1.000000000000000000e+00,5.470500000000001473e-01
7.020000000000000000e+02,1.000000000000000000e+00,5.470500000000001473e-01
7.030000000000000000e+02,1.000000000000000000e+00,5.478499999999997261e-01
7.040000000000000000e+02,1.000000000000000000e+00,5.414000000000001034e-01
7.050000000000000000e+02,1.000000000000000000e+00,5.398000000000002796e-01
7.060000000000000000e+02,1.000000000000000000e+00,5.398000000000002796e-01
7.070000000000000000e+02,1.000000000000000000e+00,5.389750000000003149e-01
7.080000000000000000e+02,1.000000000000000000e+00,5.357750000000003343e-01
7.090000000000000000e+02,1.000000000000000000e+00,5.365750000000002462e-01
7.100000000000000000e+02,1.000000000000000000e+00,5.333499999999997687e-01
7.110000000000000000e+02,1.000000000000000000e+00,5.357750000000003343e-01
7.120000000000000000e+02,1.000000000000000000e+00,5.373750000000001581e-01
7.130000000000000000e+02,1.000000000000000000e+00,5.398000000000002796e-01
7.140000000000000000e+02,1.000000000000000000e+00,5.398000000000002796e-01
7.150000000000000000e+02,1.000000000000000000e+00,5.398000000000002796e-01
7.160000000000000000e+02,1.000000000000000000e+00,5.398000000000002796e-01
7.170000000000000000e+02,1.000000000000000000e+00,5.398000000000002796e-01
7.180000000000000000e+02,1.000000000000000000e+00,5.398000000000002796e-01
7.190000000000000000e+02,1.000000000000000000e+00,5.398000000000002796e-01
7.200000000000000000e+02,1.000000000000000000e+00,5.398000000000002796e-01
7.210000000000000000e+02,1.000000000000000000e+00,5.389750000000003149e-01
7.220000000000000000e+02,1.000000000000000000e+00,5.373750000000001581e-01
7.230000000000000000e+02,1.000000000000000000e+00,5.398000000000002796e-01
7.240000000000000000e+02,1.000000000000000000e+00,5.398000000000002796e-01
7.250000000000000000e+02,1.000000000000000000e+00,5.398000000000002796e-01
7.260000000000000000e+02,1.000000000000000000e+00,5.398000000000002796e-01
7.270000000000000000e+02,1.000000000000000000e+00,5.406000000000001915e-01
7.280000000000000000e+02,1.000000000000000000e+00,5.398000000000002796e-01
7.290000000000000000e+02,1.000000000000000000e+00,5.414000000000001034e-01
7.300000000000000000e+02,1.000000000000000000e+00,5.454250000000001597e-01
7.310000000000000000e+02,1.000000000000000000e+00,5.478499999999997261e-01
7.320000000000000000e+02,1.000000000000000000e+00,5.478499999999997261e-01
7.330000000000000000e+02,1.000000000000000000e+00,5.478499999999997261e-01
7.340000000000000000e+02,1.000000000000000000e+00,5.486500000000003041e-01
7.350000000000000000e+02,1.000000000000000000e+00,5.543000000000002370e-01
7.360000000000000000e+02,1.000000000000000000e+00,5.559000000000000608e-01
7.370000000000000000e+02,1.000000000000000000e+00,5.559000000000000608e-01
7.380000000000000000e+02,1.000000000000000000e+00,5.559000000000000608e-01
7.390000000000000000e+02,1.000000000000000000e+00,5.559000000000000608e-01
7.400000000000000000e+02,1.000000000000000000e+00,5.559000000000000608e-01
7.410000000000000000e+02,1.000000000000000000e+00,5.559000000000000608e-01
7.420000000000000000e+02,1.000000000000000000e+00,5.559000000000000608e-01
7.430000000000000000e+02,1.000000000000000000e+00,5.559000000000000608e-01
7.440000000000000000e+02,1.000000000000000000e+00,5.559000000000000608e-01
7.450000000000000000e+02,1.000000000000000000e+00,5.559000000000000608e-01
7.460000000000000000e+02,1.000000000000000000e+00,5.559000000000000608e-01
7.470000000000000000e+02,1.000000000000000000e+00,5.559000000000000608e-01
7.480000000000000000e+02,1.000000000000000000e+00,5.559000000000000608e-01
7.490000000000000000e+02,1.000000000000000000e+00,5.559000000000000608e-01
7.500000000000000000e+02,1.000000000000000000e+00,5.559000000000000608e-01
7.510000000000000000e+02,1.000000000000000000e+00,5.559000000000000608e-01
7.520000000000000000e+02,1.000000000000000000e+00,5.566999999999996396e-01
7.530000000000000000e+02,1.000000000000000000e+00,5.575249999999997152e-01
7.540000000000000000e+02,1.000000000000000000e+00,5.615499999999997716e-01
7.550000000000000000e+02,1.000000000000000000e+00,5.631500000000002615e-01
7.560000000000000000e+02,1.000000000000000000e+00,5.631500000000002615e-01
7.570000000000000000e+02,1.000000000000000000e+00,5.559000000000000608e-01
7.580000000000000000e+02,1.000000000000000000e+00,5.559000000000000608e-01
7.590000000000000000e+02,1.000000000000000000e+00,5.543000000000002370e-01
7.600000000000000000e+02,1.000000000000000000e+00,5.510750000000002036e-01
7.610000000000000000e+02,1.000000000000000000e+00,5.502750000000002917e-01
7.620000000000000000e+02,1.000000000000000000e+00,5.486500000000003041e-01
7.630000000000000000e+02,1.000000000000000000e+00,5.478499999999997261e-01
7.640000000000000000e+02,1.000000000000000000e+00,5.470500000000001473e-01
7.650000000000000000e+02,1.000000000000000000e+00,5.462500000000002354e-01
7.660000000000000000e+02,1.000000000000000000e+00,5.398000000000002796e-01
7.670000000000000000e+02,1.000000000000000000e+00,5.398000000000002796e-01
7.680000000000000000e+02,1.000000000000000000e+00,5.398000000000002796e-01
7.690000000000000000e+02,1.000000000000000000e+00,5.398000000000002796e-01
7.700000000000000000e+02,1.000000000000000000e+00,5.341499999999996806e-01
7.710000000000000000e+02,1.000000000000000000e+00,5.341499999999996806e-01
7.720000000000000000e+02,1.000000000000000000e+00,5.357750000000003343e-01
7.730000000000000000e+02,1.000000000000000000e+00,5.373750000000001581e-01
7.740000000000000000e+02,1.000000000000000000e+00,5.398000000000002796e-01
7.750000000000000000e+02,1.000000000000000000e+00,5.398000000000002796e-01
7.760000000000000000e+02,1.000000000000000000e+00,5.398000000000002796e-01
