t,MV,PV,DV
0.000000000000000000e+00,5.000000000000000000e+01,6.459799999999999898e+01,3.000000000000000000e+01
1.000000000000000000e+00,5.000000000000000000e+01,6.469400000000000261e+01,3.000000000000000000e+01
2.000000000000000000e+00,5.000000000000000000e+01,6.472700000000000387e+01,3.000000000000000000e+01
3.000000000000000000e+00,5.000000000000000000e+01,6.469400000000000261e+01,3.000000000000000000e+01
4.000000000000000000e+00,5.000000000000000000e+01,6.469400000000000261e+01,3.000000000000000000e+01
5.000000000000000000e+00,5.000000000000000000e+01,6.459799999999999898e+01,3.000000000000000000e+01
6.000000000000000000e+00,5.000000000000000000e+01,6.459799999999999898e+01,3.000000000000000000e+01
7.000000000000000000e+00,5.000000000000000000e+01,6.450100000000000477e+01,3.000000000000000000e+01
8.000000000000000000e+00,5.000000000000000000e+01,6.459799999999999898e+01,3.000000000000000000e+01
9.000000000000000000e+00,5.000000000000000000e+01,6.450100000000000477e+01,3.000000000000000000e+01
1.000000000000000000e+01,5.000000000000000000e+01,6.450100000000000477e+01,3.000000000000000000e+01
1.100000000000000000e+01,5.000000000000000000e+01,6.450100000000000477e+01,3.000000000000000000e+01
1.200000000000000000e+01,5.000000000000000000e+01,6.456499999999999773e+01,3.000000000000000000e+01
1.300000000000000000e+01,5.000000000000000000e+01,6.443699999999999761e+01,3.000000000000000000e+01
1.400000000000000000e+01,5.000000000000000000e+01,6.446899999999999409e+01,7.000000000000000000e+01
1.500000000000000000e+01,5.000000000000000000e+01,6.446899999999999409e+01,7.000000000000000000e+01
1.600000000000000000e+01,5.000000000000000000e+01,6.443699999999999761e+01,7.000000000000000000e+01
1.700000000000000000e+01,5.000000000000000000e+01,6.440399999999999636e+01,7.000000000000000000e+01
1.800000000000000000e+01,5.000000000000000000e+01,6.440399999999999636e+01,7.000000000000000000e+01
1.900000000000000000e+01,5.000000000000000000e+01,6.440399999999999636e+01,7.000000000000000000e+01
2.000000000000000000e+01,5.000000000000000000e+01,6.440399999999999636e+01,7.000000000000000000e+01
2.100000000000000000e+01,5.000000000000000000e+01,6.453300000000000125e+01,7.000000000000000000e+01
2.200000000000000000e+01,5.000000000000000000e+01,6.462999999999999545e+01,7.000000000000000000e+01
2.300000000000000000e+01,5.000000000000000000e+01,6.472700000000000387e+01,7.000000000000000000e+01
2.400000000000000000e+01,5.000000000000000000e+01,6.472700000000000387e+01,7.000000000000000000e+01
2.500000000000000000e+01,5.000000000000000000e+01,6.472700000000000387e+01,7.000000000000000000e+01
2.600000000000000000e+01,5.000000000000000000e+01,6.488800000000000523e+01,7.000000000000000000e+01
2.700000000000000000e+01,5.000000000000000000e+01,6.495199999999999818e+01,7.000000000000000000e+01
2.800000000000000000e+01,5.000000000000000000e+01,6.495199999999999818e+01,7.000000000000000000e+01
2.900000000000000000e+01,5.000000000000000000e+01,6.495199999999999818e+01,7.000000000000000000e+01
3.000000000000000000e+01,5.000000000000000000e+01,6.498399999999999466e+01,7.000000000000000000e+01
3.100000000000000000e+01,5.000000000000000000e+01,6.495199999999999818e+01,7.000000000000000000e+01
3.200000000000000000e+01,5.000000000000000000e+01,6.498399999999999466e+01,7.000000000000000000e+01
3.300000000000000000e+01,5.000000000000000000e+01,6.498399999999999466e+01,7.000000000000000000e+01
3.400000000000000000e+01,5.000000000000000000e+01,6.498399999999999466e+01,7.000000000000000000e+01
3.500000000000000000e+01,5.000000000000000000e+01,6.504900000000000659e+01,7.000000000000000000e+01
3.600000000000000000e+01,5.000000000000000000e+01,6.504900000000000659e+01,7.000000000000000000e+01
3.700000000000000000e+01,5.000000000000000000e+01,6.504900000000000659e+01,7.000000000000000000e+01
3.800000000000000000e+01,5.000000000000000000e+01,6.508100000000000307e+01,7.000000000000000000e+01
3.900000000000000000e+01,5.000000000000000000e+01,6.508100000000000307e+01,7.000000000000000000e+01
4.000000000000000000e+01,5.000000000000000000e+01,6.514600000000000080e+01,7.000000000000000000e+01
4.100000000000000000e+01,5.000000000000000000e+01,6.527400000000000091e+01,7.000000000000000000e+01
4.200000000000000000e+01,5.000000000000000000e+01,6.527400000000000091e+01,7.000000000000000000e+01
4.300000000000000000e+01,5.000000000000000000e+01,6.533899999999999864e+01,7.000000000000000000e+01
4.400000000000000000e+01,5.000000000000000000e+01,6.537099999999999511e+01,7.000000000000000000e+01
4.500000000000000000e+01,5.000000000000000000e+01,6.537099999999999511e+01,7.000000000000000000e+01
4.600000000000000000e+01,5.000000000000000000e+01,6.537099999999999511e+01,7.000000000000000000e+01
4.700000000000000000e+01,5.000000000000000000e+01,6.537099999999999511e+01,7.000000000000000000e+01
4.800000000000000000e+01,5.000000000000000000e+01,6.553199999999999648e+01,7.000000000000000000e+01
4.900000000000000000e+01,5.000000000000000000e+01,6.569299999999999784e+01,7.000000000000000000e+01
5.000000000000000000e+01,5.000000000000000000e+01,6.569299999999999784e+01,7.000000000000000000e+01
5.100000000000000000e+01,5.000000000000000000e+01,6.572599999999999909e+01,7.000000000000000000e+01
5.200000000000000000e+01,5.000000000000000000e+01,6.601600000000000534e+01,7.000000000000000000e+01
5.300000000000000000e+01,5.000000000000000000e+01,6.601600000000000534e+01,7.000000000000000000e+01
5.400000000000000000e+01,5.000000000000000000e+01,6.601600000000000534e+01,7.000000000000000000e+01
5.500000000000000000e+01,5.000000000000000000e+01,6.601600000000000534e+01,7.000000000000000000e+01
5.600000000000000000e+01,5.000000000000000000e+01,6.604800000000000182e+01,7.000000000000000000e+01
5.700000000000000000e+01,5.000000000000000000e+01,6.627299999999999613e+01,7.000000000000000000e+01
5.800000000000000000e+01,5.000000000000000000e+01,6.633799999999999386e+01,7.000000000000000000e+01
5.900000000000000000e+01,5.000000000000000000e+01,6.633799999999999386e+01,7.000000000000000000e+01
6.000000000000000000e+01,5.000000000000000000e+01,6.633799999999999386e+01,7.000000000000000000e+01
6.100000000000000000e+01,5.000000000000000000e+01,6.633799999999999386e+01,7.000000000000000000e+01
6.200000000000000000e+01,5.000000000000000000e+01,6.656300000000000239e+01,7.000000000000000000e+01
6.300000000000000000e+01,5.000000000000000000e+01,6.665999999999999659e+01,7.000000000000000000e+01
6.400000000000000000e+01,5.000000000000000000e+01,6.665999999999999659e+01,7.000000000000000000e+01
6.500000000000000000e+01,5.000000000000000000e+01,6.665999999999999659e+01,7.000000000000000000e+01
6.600000000000000000e+01,5.000000000000000000e+01,6.688599999999999568e+01,7.000000000000000000e+01
6.700000000000000000e+01,5.000000000000000000e+01,6.698199999999999932e+01,7.000000000000000000e+01
6.800000000000000000e+01,5.000000000000000000e+01,6.698199999999999932e+01,7.000000000000000000e+01
6.900000000000000000e+01,5.000000000000000000e+01,6.701500000000000057e+01,7.000000000000000000e+01
7.000000000000000000e+01,5.000000000000000000e+01,6.723999999999999488e+01,7.000000000000000000e+01
7.100000000000000000e+01,5.000000000000000000e+01,6.730500000000000682e+01,7.000000000000000000e+01
7.200000000000000000e+01,5.000000000000000000e+01,6.730500000000000682e+01,7.000000000000000000e+01
7.300000000000000000e+01,5.000000000000000000e+01,6.749800000000000466e+01,7.000000000000000000e+01
7.400000000000000000e+01,5.000000000000000000e+01,6.762699999999999534e+01,7.000000000000000000e+01
7.500000000000000000e+01,5.000000000000000000e+01,6.794899999999999807e+01,7.000000000000000000e+01
7.600000000000000000e+01,5.000000000000000000e+01,6.794899999999999807e+01,7.000000000000000000e+01
7.700000000000000000e+01,5.000000000000000000e+01,6.794899999999999807e+01,7.000000000000000000e+01
7.800000000000000000e+01,5.000000000000000000e+01,6.810999999999999943e+01,7.000000000000000000e+01
7.900000000000000000e+01,5.000000000000000000e+01,6.827100000000000080e+01,7.000000000000000000e+01
8.000000000000000000e+01,5.000000000000000000e+01,6.827100000000000080e+01,7.000000000000000000e+01
8.100000000000000000e+01,5.000000000000000000e+01,6.827100000000000080e+01,7.000000000000000000e+01
8.200000000000000000e+01,5.000000000000000000e+01,6.836799999999999500e+01,7.000000000000000000e+01
8.300000000000000000e+01,5.000000000000000000e+01,6.856199999999999761e+01,7.000000000000000000e+01
8.400000000000000000e+01,5.000000000000000000e+01,6.859399999999999409e+01,7.000000000000000000e+01
8.500000000000000000e+01,5.000000000000000000e+01,6.859399999999999409e+01,7.000000000000000000e+01
8.600000000000000000e+01,5.000000000000000000e+01,6.859399999999999409e+01,7.000000000000000000e+01
8.700000000000000000e+01,5.000000000000000000e+01,6.872299999999999898e+01,7.000000000000000000e+01
8.800000000000000000e+01,5.000000000000000000e+01,6.891599999999999682e+01,7.000000000000000000e+01
8.900000000000000000e+01,5.000000000000000000e+01,6.891599999999999682e+01,7.000000000000000000e+01
9.000000000000000000e+01,5.000000000000000000e+01,6.891599999999999682e+01,7.000000000000000000e+01
9.100000000000000000e+01,5.000000000000000000e+01,6.920600000000000307e+01,7.000000000000000000e+01
9.200000000000000000e+01,5.000000000000000000e+01,6.923799999999999955e+01,7.000000000000000000e+01
9.300000000000000000e+01,5.000000000000000000e+01,6.927100000000000080e+01,7.000000000000000000e+01
9.400000000000000000e+01,5.000000000000000000e+01,6.943200000000000216e+01,7.000000000000000000e+01
9.500000000000000000e+01,5.000000000000000000e+01,6.956100000000000705e+01,7.000000000000000000e+01
9.600000000000000000e+01,5.000000000000000000e+01,6.956100000000000705e+01,7.000000000000000000e+01
9.700000000000000000e+01,5.000000000000000000e+01,6.972199999999999420e+01,7.000000000000000000e+01
9.800000000000000000e+01,5.000000000000000000e+01,6.988299999999999557e+01,7.000000000000000000e+01
9.900000000000000000e+01,5.000000000000000000e+01,6.988299999999999557e+01,7.000000000000000000e+01
1.000000000000000000e+02,5.000000000000000000e+01,7.014100000000000534e+01,7.000000000000000000e+01
1.010000000000000000e+02,5.000000000000000000e+01,7.020499999999999829e+01,7.000000000000000000e+01
1.020000000000000000e+02,5.000000000000000000e+01,7.023699999999999477e+01,7.000000000000000000e+01
1.030000000000000000e+02,5.000000000000000000e+01,7.036599999999999966e+01,7.000000000000000000e+01
1.040000000000000000e+02,5.000000000000000000e+01,7.052700000000000102e+01,7.000000000000000000e+01
1.050000000000000000e+02,5.000000000000000000e+01,7.056000000000000227e+01,7.000000000000000000e+01
1.060000000000000000e+02,5.000000000000000000e+01,7.068800000000000239e+01,7.000000000000000000e+01
1.070000000000000000e+02,5.000000000000000000e+01,7.084999999999999432e+01,7.000000000000000000e+01
1.080000000000000000e+02,5.000000000000000000e+01,7.084999999999999432e+01,7.000000000000000000e+01
1.090000000000000000e+02,5.000000000000000000e+01,7.101099999999999568e+01,7.000000000000000000e+01
1.100000000000000000e+02,5.000000000000000000e+01,7.117199999999999704e+01,7.000000000000000000e+01
1.110000000000000000e+02,5.000000000000000000e+01,7.120399999999999352e+01,7.000000000000000000e+01
1.120000000000000000e+02,5.000000000000000000e+01,7.139700000000000557e+01,7.000000000000000000e+01
1.130000000000000000e+02,5.000000000000000000e+01,7.149399999999999977e+01,7.000000000000000000e+01
1.140000000000000000e+02,5.000000000000000000e+01,7.149399999999999977e+01,7.000000000000000000e+01
1.150000000000000000e+02,5.000000000000000000e+01,7.165500000000000114e+01,7.000000000000000000e+01
1.160000000000000000e+02,5.000000000000000000e+01,7.181600000000000250e+01,7.000000000000000000e+01
1.170000000000000000e+02,5.000000000000000000e+01,7.181600000000000250e+01,7.000000000000000000e+01
1.180000000000000000e+02,5.000000000000000000e+01,7.207399999999999807e+01,7.000000000000000000e+01
1.190000000000000000e+02,5.000000000000000000e+01,7.213899999999999579e+01,7.000000000000000000e+01
1.200000000000000000e+02,5.000000000000000000e+01,7.213899999999999579e+01,7.000000000000000000e+01
1.210000000000000000e+02,5.000000000000000000e+01,7.242900000000000205e+01,7.000000000000000000e+01
1.220000000000000000e+02,5.000000000000000000e+01,7.246099999999999852e+01,7.000000000000000000e+01
1.230000000000000000e+02,5.000000000000000000e+01,7.249299999999999500e+01,7.000000000000000000e+01
1.240000000000000000e+02,5.000000000000000000e+01,7.271899999999999409e+01,7.000000000000000000e+01
1.250000000000000000e+02,5.000000000000000000e+01,7.278300000000000125e+01,7.000000000000000000e+01
1.260000000000000000e+02,5.000000000000000000e+01,7.284799999999999898e+01,7.000000000000000000e+01
1.270000000000000000e+02,5.000000000000000000e+01,7.310500000000000398e+01,7.000000000000000000e+01
1.280000000000000000e+02,5.000000000000000000e+01,7.310500000000000398e+01,7.000000000000000000e+01
1.290000000000000000e+02,5.000000000000000000e+01,7.310500000000000398e+01,7.000000000000000000e+01
1.300000000000000000e+02,5.000000000000000000e+01,7.323399999999999466e+01,7.000000000000000000e+01
1.310000000000000000e+02,5.000000000000000000e+01,7.342799999999999727e+01,7.000000000000000000e+01
1.320000000000000000e+02,5.000000000000000000e+01,7.342799999999999727e+01,7.000000000000000000e+01
1.330000000000000000e+02,5.000000000000000000e+01,7.368600000000000705e+01,7.000000000000000000e+01
1.340000000000000000e+02,5.000000000000000000e+01,7.375000000000000000e+01,7.000000000000000000e+01
1.350000000000000000e+02,5.000000000000000000e+01,7.375000000000000000e+01,7.000000000000000000e+01
1.360000000000000000e+02,5.000000000000000000e+01,7.384699999999999420e+01,7.000000000000000000e+01
1.370000000000000000e+02,5.000000000000000000e+01,7.407200000000000273e+01,7.000000000000000000e+01
1.380000000000000000e+02,5.000000000000000000e+01,7.407200000000000273e+01,7.000000000000000000e+01
1.390000000000000000e+02,5.000000000000000000e+01,7.420099999999999341e+01,7.000000000000000000e+01
1.400000000000000000e+02,5.000000000000000000e+01,7.439499999999999602e+01,7.000000000000000000e+01
1.410000000000000000e+02,5.000000000000000000e+01,7.439499999999999602e+01,7.000000000000000000e+01
1.420000000000000000e+02,5.000000000000000000e+01,7.439499999999999602e+01,7.000000000000000000e+01
1.430000000000000000e+02,5.000000000000000000e+01,7.465200000000000102e+01,7.000000000000000000e+01
1.440000000000000000e+02,5.000000000000000000e+01,7.471699999999999875e+01,7.000000000000000000e+01
1.450000000000000000e+02,5.000000000000000000e+01,7.471699999999999875e+01,7.000000000000000000e+01
1.460000000000000000e+02,5.000000000000000000e+01,7.481300000000000239e+01,7.000000000000000000e+01
1.470000000000000000e+02,5.000000000000000000e+01,7.503900000000000148e+01,7.000000000000000000e+01
1.480000000000000000e+02,5.000000000000000000e+01,7.503900000000000148e+01,7.000000000000000000e+01
1.490000000000000000e+02,5.000000000000000000e+01,7.507099999999999795e+01,7.000000000000000000e+01
1.500000000000000000e+02,5.000000000000000000e+01,7.536100000000000421e+01,7.000000000000000000e+01
1.510000000000000000e+02,5.000000000000000000e+01,7.536100000000000421e+01,7.000000000000000000e+01
1.520000000000000000e+02,5.000000000000000000e+01,7.536100000000000421e+01,7.000000000000000000e+01
1.530000000000000000e+02,5.000000000000000000e+01,7.561899999999999977e+01,7.000000000000000000e+01
1.540000000000000000e+02,5.000000000000000000e+01,7.568399999999999750e+01,7.000000000000000000e+01
1.550000000000000000e+02,5.000000000000000000e+01,7.568399999999999750e+01,7.000000000000000000e+01
1.560000000000000000e+02,5.000000000000000000e+01,7.584499999999999886e+01,7.000000000000000000e+01
1.570000000000000000e+02,5.000000000000000000e+01,7.600600000000000023e+01,7.000000000000000000e+01
1.580000000000000000e+02,5.000000000000000000e+01,7.600600000000000023e+01,7.000000000000000000e+01
1.590000000000000000e+02,5.000000000000000000e+01,7.606999999999999318e+01,7.000000000000000000e+01
1.600000000000000000e+02,5.000000000000000000e+01,7.619899999999999807e+01,7.000000000000000000e+01
1.610000000000000000e+02,5.000000000000000000e+01,7.629600000000000648e+01,7.000000000000000000e+01
1.620000000000000000e+02,5.000000000000000000e+01,7.632800000000000296e+01,7.000000000000000000e+01
1.630000000000000000e+02,5.000000000000000000e+01,7.632800000000000296e+01,7.000000000000000000e+01
1.640000000000000000e+02,5.000000000000000000e+01,7.648900000000000432e+01,7.000000000000000000e+01
1.650000000000000000e+02,5.000000000000000000e+01,7.665000000000000568e+01,7.000000000000000000e+01
1.660000000000000000e+02,5.000000000000000000e+01,7.665000000000000568e+01,7.000000000000000000e+01
1.670000000000000000e+02,5.000000000000000000e+01,7.665000000000000568e+01,7.000000000000000000e+01
1.680000000000000000e+02,5.000000000000000000e+01,7.690800000000000125e+01,7.000000000000000000e+01
1.690000000000000000e+02,5.000000000000000000e+01,7.697299999999999898e+01,7.000000000000000000e+01
1.700000000000000000e+02,5.000000000000000000e+01,7.697299999999999898e+01,7.000000000000000000e+01
1.710000000000000000e+02,5.000000000000000000e+01,7.703700000000000614e+01,7.000000000000000000e+01
1.720000000000000000e+02,5.000000000000000000e+01,7.710200000000000387e+01,7.000000000000000000e+01
1.730000000000000000e+02,5.000000000000000000e+01,7.729500000000000171e+01,7.000000000000000000e+01
1.740000000000000000e+02,5.000000000000000000e+01,7.729500000000000171e+01,7.000000000000000000e+01
1.750000000000000000e+02,5.000000000000000000e+01,7.729500000000000171e+01,7.000000000000000000e+01
1.760000000000000000e+02,5.000000000000000000e+01,7.729500000000000171e+01,7.000000000000000000e+01
1.770000000000000000e+02,5.000000000000000000e+01,7.752100000000000080e+01,7.000000000000000000e+01
1.780000000000000000e+02,5.000000000000000000e+01,7.761700000000000443e+01,7.000000000000000000e+01
1.790000000000000000e+02,5.000000000000000000e+01,7.761700000000000443e+01,7.000000000000000000e+01
1.800000000000000000e+02,5.000000000000000000e+01,7.761700000000000443e+01,7.000000000000000000e+01
1.810000000000000000e+02,5.000000000000000000e+01,7.764900000000000091e+01,7.000000000000000000e+01
1.820000000000000000e+02,5.000000000000000000e+01,7.787500000000000000e+01,7.000000000000000000e+01
1.830000000000000000e+02,5.000000000000000000e+01,7.793899999999999295e+01,7.000000000000000000e+01
1.840000000000000000e+02,5.000000000000000000e+01,7.793899999999999295e+01,7.000000000000000000e+01
1.850000000000000000e+02,5.000000000000000000e+01,7.793899999999999295e+01,7.000000000000000000e+01
1.860000000000000000e+02,5.000000000000000000e+01,7.810099999999999909e+01,7.000000000000000000e+01
1.870000000000000000e+02,5.000000000000000000e+01,7.826200000000000045e+01,7.000000000000000000e+01
1.880000000000000000e+02,5.000000000000000000e+01,7.826200000000000045e+01,7.000000000000000000e+01
1.890000000000000000e+02,5.000000000000000000e+01,7.826200000000000045e+01,7.000000000000000000e+01
1.900000000000000000e+02,5.000000000000000000e+01,7.829399999999999693e+01,7.000000000000000000e+01
1.910000000000000000e+02,5.000000000000000000e+01,7.845499999999999829e+01,7.000000000000000000e+01
1.920000000000000000e+02,5.000000000000000000e+01,7.858400000000000318e+01,7.000000000000000000e+01
1.930000000000000000e+02,5.000000000000000000e+01,7.858400000000000318e+01,7.000000000000000000e+01
1.940000000000000000e+02,5.000000000000000000e+01,7.858400000000000318e+01,7.000000000000000000e+01
1.950000000000000000e+02,5.000000000000000000e+01,7.858400000000000318e+01,7.000000000000000000e+01
1.960000000000000000e+02,5.000000000000000000e+01,7.858400000000000318e+01,7.000000000000000000e+01
1.970000000000000000e+02,5.000000000000000000e+01,7.877700000000000102e+01,7.000000000000000000e+01
1.980000000000000000e+02,5.000000000000000000e+01,7.884199999999999875e+01,7.000000000000000000e+01
1.990000000000000000e+02,5.000000000000000000e+01,7.890600000000000591e+01,7.000000000000000000e+01
2.000000000000000000e+02,5.000000000000000000e+01,7.890600000000000591e+01,7.000000000000000000e+01
2.010000000000000000e+02,5.000000000000000000e+01,7.890600000000000591e+01,7.000000000000000000e+01
2.020000000000000000e+02,5.000000000000000000e+01,7.893800000000000239e+01,7.000000000000000000e+01
2.030000000000000000e+02,5.000000000000000000e+01,7.900300000000000011e+01,7.000000000000000000e+01
2.040000000000000000e+02,5.000000000000000000e+01,7.919599999999999795e+01,7.000000000000000000e+01
2.050000000000000000e+02,5.000000000000000000e+01,7.922899999999999920e+01,7.000000000000000000e+01
2.060000000000000000e+02,5.000000000000000000e+01,7.922899999999999920e+01,7.000000000000000000e+01
2.070000000000000000e+02,5.000000000000000000e+01,7.926099999999999568e+01,7.000000000000000000e+01
2.080000000000000000e+02,5.000000000000000000e+01,7.945399999999999352e+01,7.000000000000000000e+01
2.090000000000000000e+02,5.000000000000000000e+01,7.955100000000000193e+01,7.000000000000000000e+01
2.100000000000000000e+02,5.000000000000000000e+01,7.958299999999999841e+01,7.000000000000000000e+01
2.110000000000000000e+02,5.000000000000000000e+01,7.961499999999999488e+01,7.000000000000000000e+01
2.120000000000000000e+02,5.000000000000000000e+01,7.974399999999999977e+01,7.000000000000000000e+01
2.130000000000000000e+02,5.000000000000000000e+01,7.987300000000000466e+01,7.000000000000000000e+01
2.140000000000000000e+02,5.000000000000000000e+01,7.987300000000000466e+01,7.000000000000000000e+01
2.150000000000000000e+02,5.000000000000000000e+01,7.987300000000000466e+01,7.000000000000000000e+01
2.160000000000000000e+02,5.000000000000000000e+01,7.987300000000000466e+01,7.000000000000000000e+01
2.170000000000000000e+02,5.000000000000000000e+01,8.009900000000000375e+01,7.000000000000000000e+01
2.180000000000000000e+02,5.000000000000000000e+01,8.016299999999999670e+01,7.000000000000000000e+01
2.190000000000000000e+02,5.000000000000000000e+01,8.019499999999999318e+01,7.000000000000000000e+01
2.200000000000000000e+02,5.000000000000000000e+01,8.019499999999999318e+01,7.000000000000000000e+01
2.210000000000000000e+02,5.000000000000000000e+01,8.026000000000000512e+01,7.000000000000000000e+01
2.220000000000000000e+02,5.000000000000000000e+01,8.035599999999999454e+01,7.000000000000000000e+01
2.230000000000000000e+02,5.000000000000000000e+01,8.045300000000000296e+01,7.000000000000000000e+01
2.240000000000000000e+02,5.000000000000000000e+01,8.051800000000000068e+01,7.000000000000000000e+01
2.250000000000000000e+02,5.000000000000000000e+01,8.051800000000000068e+01,7.000000000000000000e+01
2.260000000000000000e+02,5.000000000000000000e+01,8.051800000000000068e+01,7.000000000000000000e+01
2.270000000000000000e+02,5.000000000000000000e+01,8.067900000000000205e+01,7.000000000000000000e+01
2.280000000000000000e+02,5.000000000000000000e+01,8.080800000000000693e+01,7.000000000000000000e+01
2.290000000000000000e+02,5.000000000000000000e+01,8.084000000000000341e+01,7.000000000000000000e+01
2.300000000000000000e+02,5.000000000000000000e+01,8.084000000000000341e+01,7.000000000000000000e+01
2.310000000000000000e+02,5.000000000000000000e+01,8.087199999999999989e+01,7.000000000000000000e+01
2.320000000000000000e+02,5.000000000000000000e+01,8.096899999999999409e+01,7.000000000000000000e+01
2.330000000000000000e+02,5.000000000000000000e+01,8.106499999999999773e+01,7.000000000000000000e+01
2.340000000000000000e+02,5.000000000000000000e+01,8.116200000000000614e+01,7.000000000000000000e+01
2.350000000000000000e+02,5.000000000000000000e+01,8.116200000000000614e+01,7.000000000000000000e+01
2.360000000000000000e+02,5.000000000000000000e+01,8.116200000000000614e+01,7.000000000000000000e+01
2.370000000000000000e+02,5.000000000000000000e+01,8.116200000000000614e+01,7.000000000000000000e+01
2.380000000000000000e+02,5.000000000000000000e+01,8.119400000000000261e+01,7.000000000000000000e+01
2.390000000000000000e+02,5.000000000000000000e+01,8.135500000000000398e+01,7.000000000000000000e+01
2.400000000000000000e+02,5.000000000000000000e+01,8.148399999999999466e+01,7.000000000000000000e+01
2.410000000000000000e+02,5.000000000000000000e+01,8.148399999999999466e+01,7.000000000000000000e+01
2.420000000000000000e+02,5.000000000000000000e+01,8.148399999999999466e+01,7.000000000000000000e+01
2.430000000000000000e+02,5.000000000000000000e+01,8.148399999999999466e+01,7.000000000000000000e+01
2.440000000000000000e+02,5.000000000000000000e+01,8.148399999999999466e+01,7.000000000000000000e+01
2.450000000000000000e+02,5.000000000000000000e+01,8.164600000000000080e+01,7.000000000000000000e+01
2.460000000000000000e+02,5.000000000000000000e+01,8.180700000000000216e+01,7.000000000000000000e+01
2.470000000000000000e+02,5.000000000000000000e+01,8.180700000000000216e+01,7.000000000000000000e+01
2.480000000000000000e+02,5.000000000000000000e+01,8.180700000000000216e+01,7.000000000000000000e+01
2.490000000000000000e+02,5.000000000000000000e+01,8.183899999999999864e+01,7.000000000000000000e+01
2.500000000000000000e+02,5.000000000000000000e+01,8.200000000000000000e+01,7.000000000000000000e+01
2.510000000000000000e+02,5.000000000000000000e+01,8.209699999999999420e+01,7.000000000000000000e+01
2.520000000000000000e+02,5.000000000000000000e+01,8.212900000000000489e+01,7.000000000000000000e+01
2.530000000000000000e+02,5.000000000000000000e+01,8.212900000000000489e+01,7.000000000000000000e+01
2.540000000000000000e+02,5.000000000000000000e+01,8.212900000000000489e+01,7.000000000000000000e+01
2.550000000000000000e+02,5.000000000000000000e+01,8.212900000000000489e+01,7.000000000000000000e+01
2.560000000000000000e+02,5.000000000000000000e+01,8.225799999999999557e+01,7.000000000000000000e+01
2.570000000000000000e+02,5.000000000000000000e+01,8.245099999999999341e+01,7.000000000000000000e+01
2.580000000000000000e+02,5.000000000000000000e+01,8.245099999999999341e+01,7.000000000000000000e+01
2.590000000000000000e+02,5.000000000000000000e+01,8.245099999999999341e+01,7.000000000000000000e+01
2.600000000000000000e+02,5.000000000000000000e+01,8.245099999999999341e+01,7.000000000000000000e+01
2.610000000000000000e+02,5.000000000000000000e+01,8.254800000000000182e+01,7.000000000000000000e+01
2.620000000000000000e+02,5.000000000000000000e+01,8.267700000000000671e+01,7.000000000000000000e+01
2.630000000000000000e+02,5.000000000000000000e+01,8.274099999999999966e+01,7.000000000000000000e+01
2.640000000000000000e+02,5.000000000000000000e+01,8.277299999999999613e+01,7.000000000000000000e+01
2.650000000000000000e+02,5.000000000000000000e+01,8.277299999999999613e+01,7.000000000000000000e+01
2.660000000000000000e+02,5.000000000000000000e+01,8.277299999999999613e+01,7.000000000000000000e+01
2.670000000000000000e+02,5.000000000000000000e+01,8.277299999999999613e+01,7.000000000000000000e+01
2.680000000000000000e+02,5.000000000000000000e+01,8.277299999999999613e+01,7.000000000000000000e+01
2.690000000000000000e+02,5.000000000000000000e+01,8.277299999999999613e+01,7.000000000000000000e+01
2.700000000000000000e+02,5.000000000000000000e+01,8.293500000000000227e+01,7.000000000000000000e+01
2.710000000000000000e+02,5.000000000000000000e+01,8.303100000000000591e+01,7.000000000000000000e+01
2.720000000000000000e+02,5.000000000000000000e+01,8.309600000000000364e+01,7.000000000000000000e+01
2.730000000000000000e+02,5.000000000000000000e+01,8.309600000000000364e+01,7.000000000000000000e+01
2.740000000000000000e+02,5.000000000000000000e+01,8.309600000000000364e+01,7.000000000000000000e+01
2.750000000000000000e+02,5.000000000000000000e+01,8.309600000000000364e+01,7.000000000000000000e+01
2.760000000000000000e+02,5.000000000000000000e+01,8.309600000000000364e+01,7.000000000000000000e+01
2.770000000000000000e+02,5.000000000000000000e+01,8.309600000000000364e+01,7.000000000000000000e+01
2.780000000000000000e+02,5.000000000000000000e+01,8.319199999999999307e+01,7.000000000000000000e+01
2.790000000000000000e+02,5.000000000000000000e+01,8.328900000000000148e+01,7.000000000000000000e+01
2.800000000000000000e+02,5.000000000000000000e+01,8.338599999999999568e+01,7.000000000000000000e+01
2.810000000000000000e+02,5.000000000000000000e+01,8.341800000000000637e+01,7.000000000000000000e+01
2.820000000000000000e+02,5.000000000000000000e+01,8.341800000000000637e+01,7.000000000000000000e+01
2.830000000000000000e+02,5.000000000000000000e+01,8.341800000000000637e+01,7.000000000000000000e+01
2.840000000000000000e+02,5.000000000000000000e+01,8.341800000000000637e+01,7.000000000000000000e+01
2.850000000000000000e+02,5.000000000000000000e+01,8.341800000000000637e+01,7.000000000000000000e+01
2.860000000000000000e+02,5.000000000000000000e+01,8.345000000000000284e+01,7.000000000000000000e+01
2.870000000000000000e+02,5.000000000000000000e+01,8.364400000000000546e+01,7.000000000000000000e+01
2.880000000000000000e+02,5.000000000000000000e+01,8.370799999999999841e+01,7.000000000000000000e+01
2.890000000000000000e+02,5.000000000000000000e+01,8.373999999999999488e+01,7.000000000000000000e+01
2.900000000000000000e+02,5.000000000000000000e+01,8.373999999999999488e+01,7.000000000000000000e+01
2.910000000000000000e+02,5.000000000000000000e+01,8.373999999999999488e+01,7.000000000000000000e+01
2.920000000000000000e+02,5.000000000000000000e+01,8.386899999999999977e+01,7.000000000000000000e+01
2.930000000000000000e+02,5.000000000000000000e+01,8.399800000000000466e+01,7.000000000000000000e+01
2.940000000000000000e+02,5.000000000000000000e+01,8.406300000000000239e+01,7.000000000000000000e+01
2.950000000000000000e+02,5.000000000000000000e+01,8.406300000000000239e+01,7.000000000000000000e+01
2.960000000000000000e+02,5.000000000000000000e+01,8.406300000000000239e+01,7.000000000000000000e+01
2.970000000000000000e+02,5.000000000000000000e+01,8.406300000000000239e+01,7.000000000000000000e+01
2.980000000000000000e+02,5.000000000000000000e+01,8.406300000000000239e+01,7.000000000000000000e+01
2.990000000000000000e+02,5.000000000000000000e+01,8.406300000000000239e+01,7.000000000000000000e+01
3.000000000000000000e+02,5.000000000000000000e+01,8.409499999999999886e+01,7.000000000000000000e+01
3.010000000000000000e+02,5.000000000000000000e+01,8.415900000000000603e+01,7.000000000000000000e+01
3.020000000000000000e+02,5.000000000000000000e+01,8.431999999999999318e+01,7.000000000000000000e+01
3.030000000000000000e+02,5.000000000000000000e+01,8.438500000000000512e+01,7.000000000000000000e+01
3.040000000000000000e+02,5.000000000000000000e+01,8.438500000000000512e+01,7.000000000000000000e+01
3.050000000000000000e+02,5.000000000000000000e+01,8.438500000000000512e+01,7.000000000000000000e+01
3.060000000000000000e+02,5.000000000000000000e+01,8.438500000000000512e+01,7.000000000000000000e+01
3.070000000000000000e+02,5.000000000000000000e+01,8.438500000000000512e+01,7.000000000000000000e+01
3.080000000000000000e+02,5.000000000000000000e+01,8.438500000000000512e+01,7.000000000000000000e+01
3.090000000000000000e+02,5.000000000000000000e+01,8.438500000000000512e+01,7.000000000000000000e+01
3.100000000000000000e+02,5.000000000000000000e+01,8.438500000000000512e+01,7.000000000000000000e+01
3.110000000000000000e+02,5.000000000000000000e+01,8.438500000000000512e+01,7.000000000000000000e+01
3.120000000000000000e+02,5.000000000000000000e+01,8.441700000000000159e+01,7.000000000000000000e+01
3.130000000000000000e+02,5.000000000000000000e+01,8.451399999999999579e+01,7.000000000000000000e+01
3.140000000000000000e+02,5.000000000000000000e+01,8.464300000000000068e+01,7.000000000000000000e+01
3.150000000000000000e+02,5.000000000000000000e+01,8.470699999999999363e+01,7.000000000000000000e+01
3.160000000000000000e+02,5.000000000000000000e+01,8.470699999999999363e+01,7.000000000000000000e+01
3.170000000000000000e+02,5.000000000000000000e+01,8.470699999999999363e+01,7.000000000000000000e+01
3.180000000000000000e+02,5.000000000000000000e+01,8.470699999999999363e+01,7.000000000000000000e+01
3.190000000000000000e+02,5.000000000000000000e+01,8.470699999999999363e+01,7.000000000000000000e+01
3.200000000000000000e+02,5.000000000000000000e+01,8.470699999999999363e+01,7.000000000000000000e+01
3.210000000000000000e+02,5.000000000000000000e+01,8.470699999999999363e+01,7.000000000000000000e+01
3.220000000000000000e+02,5.000000000000000000e+01,8.470699999999999363e+01,7.000000000000000000e+01
3.230000000000000000e+02,5.000000000000000000e+01,8.470699999999999363e+01,7.000000000000000000e+01
3.240000000000000000e+02,5.000000000000000000e+01,8.486799999999999500e+01,7.000000000000000000e+01
3.250000000000000000e+02,5.000000000000000000e+01,8.496500000000000341e+01,7.000000000000000000e+01
3.260000000000000000e+02,5.000000000000000000e+01,8.499699999999999989e+01,7.000000000000000000e+01
3.270000000000000000e+02,5.000000000000000000e+01,8.502899999999999636e+01,7.000000000000000000e+01
3.280000000000000000e+02,5.000000000000000000e+01,8.502899999999999636e+01,7.000000000000000000e+01
3.290000000000000000e+02,5.000000000000000000e+01,8.502899999999999636e+01,7.000000000000000000e+01
3.300000000000000000e+02,5.000000000000000000e+01,8.502899999999999636e+01,7.000000000000000000e+01
3.310000000000000000e+02,5.000000000000000000e+01,8.502899999999999636e+01,7.000000000000000000e+01
3.320000000000000000e+02,5.000000000000000000e+01,8.502899999999999636e+01,7.000000000000000000e+01
3.330000000000000000e+02,5.000000000000000000e+01,8.502899999999999636e+01,7.000000000000000000e+01
3.340000000000000000e+02,5.000000000000000000e+01,8.502899999999999636e+01,7.000000000000000000e+01
3.350000000000000000e+02,5.000000000000000000e+01,8.509399999999999409e+01,7.000000000000000000e+01
3.360000000000000000e+02,5.000000000000000000e+01,8.522299999999999898e+01,7.000000000000000000e+01
3.370000000000000000e+02,5.000000000000000000e+01,8.531900000000000261e+01,7.000000000000000000e+01
3.380000000000000000e+02,5.000000000000000000e+01,8.535200000000000387e+01,7.000000000000000000e+01
3.390000000000000000e+02,5.000000000000000000e+01,8.535200000000000387e+01,7.000000000000000000e+01
3.400000000000000000e+02,5.000000000000000000e+01,8.535200000000000387e+01,7.000000000000000000e+01
3.410000000000000000e+02,5.000000000000000000e+01,8.535200000000000387e+01,7.000000000000000000e+01
3.420000000000000000e+02,5.000000000000000000e+01,8.535200000000000387e+01,7.000000000000000000e+01
3.430000000000000000e+02,5.000000000000000000e+01,8.535200000000000387e+01,7.000000000000000000e+01
3.440000000000000000e+02,5.000000000000000000e+01,8.535200000000000387e+01,7.000000000000000000e+01
3.450000000000000000e+02,5.000000000000000000e+01,8.535200000000000387e+01,7.000000000000000000e+01
3.460000000000000000e+02,5.000000000000000000e+01,8.535200000000000387e+01,7.000000000000000000e+01
3.470000000000000000e+02,5.000000000000000000e+01,8.535200000000000387e+01,7.000000000000000000e+01
3.480000000000000000e+02,5.000000000000000000e+01,8.535200000000000387e+01,7.000000000000000000e+01
3.490000000000000000e+02,5.000000000000000000e+01,8.535200000000000387e+01,7.000000000000000000e+01
3.500000000000000000e+02,5.000000000000000000e+01,8.535200000000000387e+01,7.000000000000000000e+01
3.510000000000000000e+02,5.000000000000000000e+01,8.535200000000000387e+01,7.000000000000000000e+01
3.520000000000000000e+02,5.000000000000000000e+01,8.535200000000000387e+01,7.000000000000000000e+01
3.530000000000000000e+02,5.000000000000000000e+01,8.538400000000000034e+01,7.000000000000000000e+01
3.540000000000000000e+02,5.000000000000000000e+01,8.557699999999999818e+01,7.000000000000000000e+01
3.550000000000000000e+02,5.000000000000000000e+01,8.567400000000000659e+01,7.000000000000000000e+01
3.560000000000000000e+02,5.000000000000000000e+01,8.567400000000000659e+01,7.000000000000000000e+01
3.570000000000000000e+02,5.000000000000000000e+01,8.567400000000000659e+01,7.000000000000000000e+01
3.580000000000000000e+02,5.000000000000000000e+01,8.567400000000000659e+01,7.000000000000000000e+01
3.590000000000000000e+02,5.000000000000000000e+01,8.567400000000000659e+01,7.000000000000000000e+01
3.600000000000000000e+02,5.000000000000000000e+01,8.567400000000000659e+01,7.000000000000000000e+01
3.610000000000000000e+02,5.000000000000000000e+01,8.570600000000000307e+01,7.000000000000000000e+01
3.620000000000000000e+02,5.000000000000000000e+01,8.589900000000000091e+01,7.000000000000000000e+01
3.630000000000000000e+02,5.000000000000000000e+01,8.589900000000000091e+01,7.000000000000000000e+01
3.640000000000000000e+02,5.000000000000000000e+01,8.593200000000000216e+01,7.000000000000000000e+01
3.650000000000000000e+02,5.000000000000000000e+01,8.596399999999999864e+01,7.000000000000000000e+01
3.660000000000000000e+02,5.000000000000000000e+01,8.599599999999999511e+01,7.000000000000000000e+01
3.670000000000000000e+02,5.000000000000000000e+01,8.599599999999999511e+01,7.000000000000000000e+01
3.680000000000000000e+02,5.000000000000000000e+01,8.599599999999999511e+01,7.000000000000000000e+01
3.690000000000000000e+02,5.000000000000000000e+01,8.599599999999999511e+01,7.000000000000000000e+01
3.700000000000000000e+02,5.000000000000000000e+01,8.599599999999999511e+01,7.000000000000000000e+01
3.710000000000000000e+02,5.000000000000000000e+01,8.599599999999999511e+01,7.000000000000000000e+01
3.720000000000000000e+02,5.000000000000000000e+01,8.599599999999999511e+01,7.000000000000000000e+01
3.730000000000000000e+02,5.000000000000000000e+01,8.599599999999999511e+01,7.000000000000000000e+01
3.740000000000000000e+02,5.000000000000000000e+01,8.599599999999999511e+01,7.000000000000000000e+01
3.750000000000000000e+02,5.000000000000000000e+01,8.599599999999999511e+01,7.000000000000000000e+01
3.760000000000000000e+02,5.000000000000000000e+01,8.599599999999999511e+01,7.000000000000000000e+01
3.770000000000000000e+02,5.000000000000000000e+01,8.599599999999999511e+01,7.000000000000000000e+01
3.780000000000000000e+02,5.000000000000000000e+01,8.599599999999999511e+01,7.000000000000000000e+01
3.790000000000000000e+02,5.000000000000000000e+01,8.599599999999999511e+01,7.000000000000000000e+01
3.800000000000000000e+02,5.000000000000000000e+01,8.602800000000000580e+01,7.000000000000000000e+01
3.810000000000000000e+02,5.000000000000000000e+01,8.602800000000000580e+01,7.000000000000000000e+01
3.820000000000000000e+02,5.000000000000000000e+01,8.599599999999999511e+01,7.000000000000000000e+01
3.830000000000000000e+02,5.000000000000000000e+01,8.606100000000000705e+01,7.000000000000000000e+01
3.840000000000000000e+02,5.000000000000000000e+01,8.609300000000000352e+01,7.000000000000000000e+01
3.850000000000000000e+02,5.000000000000000000e+01,8.615699999999999648e+01,7.000000000000000000e+01
3.860000000000000000e+02,5.000000000000000000e+01,8.625400000000000489e+01,7.000000000000000000e+01
3.870000000000000000e+02,5.000000000000000000e+01,8.615699999999999648e+01,7.000000000000000000e+01
3.880000000000000000e+02,5.000000000000000000e+01,8.622199999999999420e+01,7.000000000000000000e+01
3.890000000000000000e+02,5.000000000000000000e+01,8.615699999999999648e+01,7.000000000000000000e+01
3.900000000000000000e+02,5.000000000000000000e+01,8.625400000000000489e+01,7.000000000000000000e+01
3.910000000000000000e+02,5.000000000000000000e+01,8.628600000000000136e+01,7.000000000000000000e+01
3.920000000000000000e+02,5.000000000000000000e+01,8.625400000000000489e+01,7.000000000000000000e+01
3.930000000000000000e+02,5.000000000000000000e+01,8.625400000000000489e+01,7.000000000000000000e+01
3.940000000000000000e+02,5.000000000000000000e+01,8.631799999999999784e+01,7.000000000000000000e+01
3.950000000000000000e+02,5.000000000000000000e+01,8.631799999999999784e+01,7.000000000000000000e+01
3.960000000000000000e+02,5.000000000000000000e+01,8.631799999999999784e+01,7.000000000000000000e+01
3.970000000000000000e+02,5.000000000000000000e+01,8.631799999999999784e+01,7.000000000000000000e+01
3.980000000000000000e+02,5.000000000000000000e+01,8.631799999999999784e+01,7.000000000000000000e+01
3.990000000000000000e+02,5.000000000000000000e+01,8.631799999999999784e+01,7.000000000000000000e+01
4.000000000000000000e+02,5.000000000000000000e+01,8.631799999999999784e+01,7.000000000000000000e+01
4.010000000000000000e+02,5.000000000000000000e+01,8.631799999999999784e+01,7.000000000000000000e+01
4.020000000000000000e+02,5.000000000000000000e+01,8.638299999999999557e+01,7.000000000000000000e+01
4.030000000000000000e+02,5.000000000000000000e+01,8.647899999999999920e+01,7.000000000000000000e+01
4.040000000000000000e+02,5.000000000000000000e+01,8.651200000000000045e+01,7.000000000000000000e+01
4.050000000000000000e+02,5.000000000000000000e+01,8.654399999999999693e+01,7.000000000000000000e+01
4.060000000000000000e+02,5.000000000000000000e+01,8.657599999999999341e+01,7.000000000000000000e+01
4.070000000000000000e+02,5.000000000000000000e+01,8.664100000000000534e+01,7.000000000000000000e+01
4.080000000000000000e+02,5.000000000000000000e+01,8.664100000000000534e+01,7.000000000000000000e+01
4.090000000000000000e+02,5.000000000000000000e+01,8.664100000000000534e+01,7.000000000000000000e+01
4.100000000000000000e+02,5.000000000000000000e+01,8.664100000000000534e+01,7.000000000000000000e+01
4.110000000000000000e+02,5.000000000000000000e+01,8.664100000000000534e+01,7.000000000000000000e+01
4.120000000000000000e+02,5.000000000000000000e+01,8.664100000000000534e+01,7.000000000000000000e+01
4.130000000000000000e+02,5.000000000000000000e+01,8.664100000000000534e+01,7.000000000000000000e+01
4.140000000000000000e+02,5.000000000000000000e+01,8.664100000000000534e+01,7.000000000000000000e+01
4.150000000000000000e+02,5.000000000000000000e+01,8.664100000000000534e+01,7.000000000000000000e+01
4.160000000000000000e+02,5.000000000000000000e+01,8.664100000000000534e+01,7.000000000000000000e+01
4.170000000000000000e+02,5.000000000000000000e+01,8.664100000000000534e+01,7.000000000000000000e+01
4.180000000000000000e+02,5.000000000000000000e+01,8.667300000000000182e+01,7.000000000000000000e+01
4.190000000000000000e+02,5.000000000000000000e+01,8.664100000000000534e+01,7.000000000000000000e+01
4.200000000000000000e+02,5.000000000000000000e+01,8.667300000000000182e+01,7.000000000000000000e+01
4.210000000000000000e+02,5.000000000000000000e+01,8.670499999999999829e+01,7.000000000000000000e+01
4.220000000000000000e+02,5.000000000000000000e+01,8.676999999999999602e+01,7.000000000000000000e+01
4.230000000000000000e+02,5.000000000000000000e+01,8.680200000000000671e+01,7.000000000000000000e+01
4.240000000000000000e+02,5.000000000000000000e+01,8.689799999999999613e+01,7.000000000000000000e+01
4.250000000000000000e+02,5.000000000000000000e+01,8.689799999999999613e+01,7.000000000000000000e+01
4.260000000000000000e+02,5.000000000000000000e+01,8.689799999999999613e+01,7.000000000000000000e+01
4.270000000000000000e+02,5.000000000000000000e+01,8.696299999999999386e+01,7.000000000000000000e+01
4.280000000000000000e+02,5.000000000000000000e+01,8.696299999999999386e+01,7.000000000000000000e+01
4.290000000000000000e+02,5.000000000000000000e+01,8.696299999999999386e+01,7.000000000000000000e+01
4.300000000000000000e+02,5.000000000000000000e+01,8.696299999999999386e+01,7.000000000000000000e+01
4.310000000000000000e+02,5.000000000000000000e+01,8.696299999999999386e+01,7.000000000000000000e+01
4.320000000000000000e+02,5.000000000000000000e+01,8.696299999999999386e+01,7.000000000000000000e+01
4.330000000000000000e+02,5.000000000000000000e+01,8.696299999999999386e+01,7.000000000000000000e+01
4.340000000000000000e+02,5.000000000000000000e+01,8.696299999999999386e+01,7.000000000000000000e+01
4.350000000000000000e+02,5.000000000000000000e+01,8.699500000000000455e+01,7.000000000000000000e+01
4.360000000000000000e+02,5.000000000000000000e+01,8.702700000000000102e+01,7.000000000000000000e+01
4.370000000000000000e+02,5.000000000000000000e+01,8.699500000000000455e+01,7.000000000000000000e+01
4.380000000000000000e+02,5.000000000000000000e+01,8.709199999999999875e+01,7.000000000000000000e+01
4.390000000000000000e+02,5.000000000000000000e+01,8.699500000000000455e+01,7.000000000000000000e+01
4.400000000000000000e+02,5.000000000000000000e+01,8.706000000000000227e+01,7.000000000000000000e+01
4.410000000000000000e+02,5.000000000000000000e+01,8.696299999999999386e+01,7.000000000000000000e+01
4.420000000000000000e+02,5.000000000000000000e+01,8.702700000000000102e+01,7.000000000000000000e+01
4.430000000000000000e+02,5.000000000000000000e+01,8.709199999999999875e+01,7.000000000000000000e+01
4.440000000000000000e+02,5.000000000000000000e+01,8.706000000000000227e+01,7.000000000000000000e+01
4.450000000000000000e+02,5.000000000000000000e+01,8.709199999999999875e+01,7.000000000000000000e+01
4.460000000000000000e+02,5.000000000000000000e+01,8.725300000000000011e+01,7.000000000000000000e+01
4.470000000000000000e+02,5.000000000000000000e+01,8.725300000000000011e+01,7.000000000000000000e+01
4.480000000000000000e+02,5.000000000000000000e+01,8.728499999999999659e+01,7.000000000000000000e+01
4.490000000000000000e+02,5.000000000000000000e+01,8.728499999999999659e+01,7.000000000000000000e+01
4.500000000000000000e+02,5.000000000000000000e+01,8.725300000000000011e+01,7.000000000000000000e+01
4.510000000000000000e+02,5.000000000000000000e+01,8.722100000000000364e+01,7.000000000000000000e+01
4.520000000000000000e+02,5.000000000000000000e+01,8.728499999999999659e+01,7.000000000000000000e+01
4.530000000000000000e+02,5.000000000000000000e+01,8.728499999999999659e+01,7.000000000000000000e+01
4.540000000000000000e+02,5.000000000000000000e+01,8.728499999999999659e+01,7.000000000000000000e+01
4.550000000000000000e+02,5.000000000000000000e+01,8.728499999999999659e+01,7.000000000000000000e+01
4.560000000000000000e+02,5.000000000000000000e+01,8.728499999999999659e+01,7.000000000000000000e+01
4.570000000000000000e+02,5.000000000000000000e+01,8.728499999999999659e+01,7.000000000000000000e+01
4.580000000000000000e+02,5.000000000000000000e+01,8.728499999999999659e+01,7.000000000000000000e+01
4.590000000000000000e+02,5.000000000000000000e+01,8.728499999999999659e+01,7.000000000000000000e+01
4.600000000000000000e+02,5.000000000000000000e+01,8.728499999999999659e+01,7.000000000000000000e+01
4.610000000000000000e+02,5.000000000000000000e+01,8.728499999999999659e+01,7.000000000000000000e+01
4.620000000000000000e+02,5.000000000000000000e+01,8.728499999999999659e+01,7.000000000000000000e+01
4.630000000000000000e+02,5.000000000000000000e+01,8.728499999999999659e+01,7.000000000000000000e+01
4.640000000000000000e+02,5.000000000000000000e+01,8.728499999999999659e+01,7.000000000000000000e+01
4.650000000000000000e+02,5.000000000000000000e+01,8.728499999999999659e+01,7.000000000000000000e+01
4.660000000000000000e+02,5.000000000000000000e+01,8.734999999999999432e+01,7.000000000000000000e+01
4.670000000000000000e+02,5.000000000000000000e+01,8.734999999999999432e+01,7.000000000000000000e+01
4.680000000000000000e+02,5.000000000000000000e+01,8.728499999999999659e+01,7.000000000000000000e+01
4.690000000000000000e+02,5.000000000000000000e+01,8.734999999999999432e+01,7.000000000000000000e+01
4.700000000000000000e+02,5.000000000000000000e+01,8.734999999999999432e+01,7.000000000000000000e+01
4.710000000000000000e+02,5.000000000000000000e+01,8.738200000000000500e+01,7.000000000000000000e+01
4.720000000000000000e+02,5.000000000000000000e+01,8.747899999999999920e+01,7.000000000000000000e+01
4.730000000000000000e+02,5.000000000000000000e+01,8.741400000000000148e+01,7.000000000000000000e+01
4.740000000000000000e+02,5.000000000000000000e+01,8.751099999999999568e+01,7.000000000000000000e+01
4.750000000000000000e+02,5.000000000000000000e+01,8.744599999999999795e+01,7.000000000000000000e+01
4.760000000000000000e+02,5.000000000000000000e+01,8.741400000000000148e+01,7.000000000000000000e+01
4.770000000000000000e+02,5.000000000000000000e+01,8.738200000000000500e+01,7.000000000000000000e+01
4.780000000000000000e+02,5.000000000000000000e+01,8.731699999999999307e+01,7.000000000000000000e+01
4.790000000000000000e+02,5.000000000000000000e+01,8.744599999999999795e+01,7.000000000000000000e+01
4.800000000000000000e+02,5.000000000000000000e+01,8.754300000000000637e+01,7.000000000000000000e+01
4.810000000000000000e+02,5.000000000000000000e+01,8.757500000000000284e+01,7.000000000000000000e+01
4.820000000000000000e+02,5.000000000000000000e+01,8.760699999999999932e+01,7.000000000000000000e+01
4.830000000000000000e+02,5.000000000000000000e+01,8.760699999999999932e+01,7.000000000000000000e+01
4.840000000000000000e+02,5.000000000000000000e+01,8.760699999999999932e+01,7.000000000000000000e+01
4.850000000000000000e+02,5.000000000000000000e+01,8.760699999999999932e+01,7.000000000000000000e+01
4.860000000000000000e+02,5.000000000000000000e+01,8.760699999999999932e+01,7.000000000000000000e+01
4.870000000000000000e+02,5.000000000000000000e+01,8.760699999999999932e+01,7.000000000000000000e+01
4.880000000000000000e+02,5.000000000000000000e+01,8.760699999999999932e+01,7.000000000000000000e+01
4.890000000000000000e+02,5.000000000000000000e+01,8.760699999999999932e+01,7.000000000000000000e+01
4.900000000000000000e+02,5.000000000000000000e+01,8.760699999999999932e+01,7.000000000000000000e+01
4.910000000000000000e+02,5.000000000000000000e+01,8.760699999999999932e+01,7.000000000000000000e+01
4.920000000000000000e+02,5.000000000000000000e+01,8.760699999999999932e+01,7.000000000000000000e+01
4.930000000000000000e+02,5.000000000000000000e+01,8.760699999999999932e+01,7.000000000000000000e+01
4.940000000000000000e+02,5.000000000000000000e+01,8.760699999999999932e+01,7.000000000000000000e+01
4.950000000000000000e+02,5.000000000000000000e+01,8.760699999999999932e+01,7.000000000000000000e+01
4.960000000000000000e+02,5.000000000000000000e+01,8.760699999999999932e+01,7.000000000000000000e+01
4.970000000000000000e+02,5.000000000000000000e+01,8.760699999999999932e+01,7.000000000000000000e+01
4.980000000000000000e+02,5.000000000000000000e+01,8.760699999999999932e+01,7.000000000000000000e+01
4.990000000000000000e+02,5.000000000000000000e+01,8.760699999999999932e+01,7.000000000000000000e+01
5.000000000000000000e+02,5.000000000000000000e+01,8.760699999999999932e+01,7.000000000000000000e+01
5.010000000000000000e+02,5.000000000000000000e+01,8.767199999999999704e+01,7.000000000000000000e+01
5.020000000000000000e+02,5.000000000000000000e+01,8.764000000000000057e+01,7.000000000000000000e+01
5.030000000000000000e+02,5.000000000000000000e+01,8.793000000000000682e+01,7.000000000000000000e+01
5.040000000000000000e+02,5.000000000000000000e+01,8.793000000000000682e+01,7.000000000000000000e+01
5.050000000000000000e+02,5.000000000000000000e+01,8.793000000000000682e+01,7.000000000000000000e+01
5.060000000000000000e+02,5.000000000000000000e+01,8.793000000000000682e+01,7.000000000000000000e+01
5.070000000000000000e+02,5.000000000000000000e+01,8.793000000000000682e+01,7.000000000000000000e+01
5.080000000000000000e+02,5.000000000000000000e+01,8.793000000000000682e+01,7.000000000000000000e+01
5.090000000000000000e+02,5.000000000000000000e+01,8.793000000000000682e+01,7.000000000000000000e+01
5.100000000000000000e+02,5.000000000000000000e+01,8.793000000000000682e+01,7.000000000000000000e+01
5.110000000000000000e+02,5.000000000000000000e+01,8.793000000000000682e+01,7.000000000000000000e+01
5.120000000000000000e+02,5.000000000000000000e+01,8.793000000000000682e+01,7.000000000000000000e+01
5.130000000000000000e+02,5.000000000000000000e+01,8.796200000000000330e+01,7.000000000000000000e+01
5.140000000000000000e+02,5.000000000000000000e+01,8.793000000000000682e+01,7.000000000000000000e+01
5.150000000000000000e+02,5.000000000000000000e+01,8.793000000000000682e+01,7.000000000000000000e+01
5.160000000000000000e+02,5.000000000000000000e+01,8.793000000000000682e+01,7.000000000000000000e+01
5.170000000000000000e+02,5.000000000000000000e+01,8.799399999999999977e+01,7.000000000000000000e+01
5.180000000000000000e+02,5.000000000000000000e+01,8.793000000000000682e+01,7.000000000000000000e+01
5.190000000000000000e+02,5.000000000000000000e+01,8.802599999999999625e+01,7.000000000000000000e+01
5.200000000000000000e+02,5.000000000000000000e+01,8.799399999999999977e+01,7.000000000000000000e+01
5.210000000000000000e+02,5.000000000000000000e+01,8.802599999999999625e+01,7.000000000000000000e+01
5.220000000000000000e+02,5.000000000000000000e+01,8.805899999999999750e+01,7.000000000000000000e+01
5.230000000000000000e+02,5.000000000000000000e+01,8.809099999999999397e+01,7.000000000000000000e+01
5.240000000000000000e+02,5.000000000000000000e+01,8.802599999999999625e+01,7.000000000000000000e+01
5.250000000000000000e+02,5.000000000000000000e+01,8.812300000000000466e+01,7.000000000000000000e+01
5.260000000000000000e+02,5.000000000000000000e+01,8.809099999999999397e+01,7.000000000000000000e+01
5.270000000000000000e+02,5.000000000000000000e+01,8.815500000000000114e+01,7.000000000000000000e+01
5.280000000000000000e+02,5.000000000000000000e+01,8.812300000000000466e+01,7.000000000000000000e+01
5.290000000000000000e+02,5.000000000000000000e+01,8.809099999999999397e+01,7.000000000000000000e+01
5.300000000000000000e+02,5.000000000000000000e+01,8.802599999999999625e+01,7.000000000000000000e+01
5.310000000000000000e+02,5.000000000000000000e+01,8.809099999999999397e+01,7.000000000000000000e+01
5.320000000000000000e+02,5.000000000000000000e+01,8.818800000000000239e+01,7.000000000000000000e+01
5.330000000000000000e+02,5.000000000000000000e+01,8.825199999999999534e+01,7.000000000000000000e+01
5.340000000000000000e+02,5.000000000000000000e+01,8.825199999999999534e+01,7.000000000000000000e+01
5.350000000000000000e+02,5.000000000000000000e+01,8.825199999999999534e+01,7.000000000000000000e+01
5.360000000000000000e+02,5.000000000000000000e+01,8.825199999999999534e+01,7.000000000000000000e+01
5.370000000000000000e+02,5.000000000000000000e+01,8.825199999999999534e+01,7.000000000000000000e+01
5.380000000000000000e+02,5.000000000000000000e+01,8.825199999999999534e+01,7.000000000000000000e+01
5.390000000000000000e+02,5.000000000000000000e+01,8.825199999999999534e+01,7.000000000000000000e+01
5.400000000000000000e+02,5.000000000000000000e+01,8.825199999999999534e+01,7.000000000000000000e+01
5.410000000000000000e+02,5.000000000000000000e+01,8.825199999999999534e+01,7.000000000000000000e+01
5.420000000000000000e+02,5.000000000000000000e+01,8.825199999999999534e+01,7.000000000000000000e+01
5.430000000000000000e+02,5.000000000000000000e+01,8.825199999999999534e+01,7.000000000000000000e+01
5.440000000000000000e+02,5.000000000000000000e+01,8.825199999999999534e+01,7.000000000000000000e+01
5.450000000000000000e+02,5.000000000000000000e+01,8.825199999999999534e+01,7.000000000000000000e+01
5.460000000000000000e+02,5.000000000000000000e+01,8.825199999999999534e+01,7.000000000000000000e+01
5.470000000000000000e+02,5.000000000000000000e+01,8.825199999999999534e+01,7.000000000000000000e+01
5.480000000000000000e+02,5.000000000000000000e+01,8.825199999999999534e+01,7.000000000000000000e+01
5.490000000000000000e+02,5.000000000000000000e+01,8.825199999999999534e+01,7.000000000000000000e+01
5.500000000000000000e+02,5.000000000000000000e+01,8.825199999999999534e+01,7.000000000000000000e+01
5.510000000000000000e+02,5.000000000000000000e+01,8.825199999999999534e+01,7.000000000000000000e+01
5.520000000000000000e+02,5.000000000000000000e+01,8.825199999999999534e+01,7.000000000000000000e+01
5.530000000000000000e+02,5.000000000000000000e+01,8.825199999999999534e+01,7.000000000000000000e+01
5.540000000000000000e+02,5.000000000000000000e+01,8.825199999999999534e+01,7.000000000000000000e+01
5.550000000000000000e+02,5.000000000000000000e+01,8.825199999999999534e+01,7.000000000000000000e+01
5.560000000000000000e+02,5.000000000000000000e+01,8.825199999999999534e+01,7.000000000000000000e+01
5.570000000000000000e+02,5.000000000000000000e+01,8.825199999999999534e+01,7.000000000000000000e+01
5.580000000000000000e+02,5.000000000000000000e+01,8.825199999999999534e+01,7.000000000000000000e+01
5.590000000000000000e+02,5.000000000000000000e+01,8.825199999999999534e+01,7.000000000000000000e+01
5.600000000000000000e+02,5.000000000000000000e+01,8.825199999999999534e+01,7.000000000000000000e+01
5.610000000000000000e+02,5.000000000000000000e+01,8.825199999999999534e+01,7.000000000000000000e+01
5.620000000000000000e+02,5.000000000000000000e+01,8.825199999999999534e+01,7.000000000000000000e+01
5.630000000000000000e+02,5.000000000000000000e+01,8.825199999999999534e+01,7.000000000000000000e+01
5.640000000000000000e+02,5.000000000000000000e+01,8.825199999999999534e+01,7.000000000000000000e+01
5.650000000000000000e+02,5.000000000000000000e+01,8.825199999999999534e+01,7.000000000000000000e+01
5.660000000000000000e+02,5.000000000000000000e+01,8.825199999999999534e+01,7.000000000000000000e+01
5.670000000000000000e+02,5.000000000000000000e+01,8.825199999999999534e+01,7.000000000000000000e+01
5.680000000000000000e+02,5.000000000000000000e+01,8.828400000000000603e+01,7.000000000000000000e+01
5.690000000000000000e+02,5.000000000000000000e+01,8.831600000000000250e+01,7.000000000000000000e+01
5.700000000000000000e+02,5.000000000000000000e+01,8.838100000000000023e+01,7.000000000000000000e+01
5.710000000000000000e+02,5.000000000000000000e+01,8.834900000000000375e+01,7.000000000000000000e+01
5.720000000000000000e+02,5.000000000000000000e+01,8.831600000000000250e+01,7.000000000000000000e+01
5.730000000000000000e+02,5.000000000000000000e+01,8.828400000000000603e+01,7.000000000000000000e+01
5.740000000000000000e+02,5.000000000000000000e+01,8.828400000000000603e+01,7.000000000000000000e+01
5.750000000000000000e+02,5.000000000000000000e+01,8.825199999999999534e+01,7.000000000000000000e+01
5.760000000000000000e+02,5.000000000000000000e+01,8.825199999999999534e+01,7.000000000000000000e+01
5.770000000000000000e+02,5.000000000000000000e+01,8.841299999999999670e+01,7.000000000000000000e+01
5.780000000000000000e+02,5.000000000000000000e+01,8.828400000000000603e+01,7.000000000000000000e+01
5.790000000000000000e+02,5.000000000000000000e+01,8.838100000000000023e+01,7.000000000000000000e+01
5.800000000000000000e+02,5.000000000000000000e+01,8.838100000000000023e+01,7.000000000000000000e+01
5.810000000000000000e+02,5.000000000000000000e+01,8.844499999999999318e+01,7.000000000000000000e+01
5.820000000000000000e+02,5.000000000000000000e+01,8.847799999999999443e+01,7.000000000000000000e+01
5.830000000000000000e+02,5.000000000000000000e+01,8.847799999999999443e+01,7.000000000000000000e+01
5.840000000000000000e+02,5.000000000000000000e+01,8.854200000000000159e+01,7.000000000000000000e+01
5.850000000000000000e+02,5.000000000000000000e+01,8.854200000000000159e+01,7.000000000000000000e+01
5.860000000000000000e+02,5.000000000000000000e+01,8.857399999999999807e+01,7.000000000000000000e+01
5.870000000000000000e+02,5.000000000000000000e+01,8.857399999999999807e+01,7.000000000000000000e+01
5.880000000000000000e+02,5.000000000000000000e+01,8.857399999999999807e+01,7.000000000000000000e+01
5.890000000000000000e+02,5.000000000000000000e+01,8.857399999999999807e+01,7.000000000000000000e+01
5.900000000000000000e+02,5.000000000000000000e+01,8.857399999999999807e+01,7.000000000000000000e+01
5.910000000000000000e+02,5.000000000000000000e+01,8.857399999999999807e+01,7.000000000000000000e+01
5.920000000000000000e+02,5.000000000000000000e+01,8.857399999999999807e+01,7.000000000000000000e+01
5.930000000000000000e+02,5.000000000000000000e+01,8.857399999999999807e+01,7.000000000000000000e+01
5.940000000000000000e+02,5.000000000000000000e+01,8.857399999999999807e+01,7.000000000000000000e+01
5.950000000000000000e+02,5.000000000000000000e+01,8.863899999999999579e+01,7.000000000000000000e+01
5.960000000000000000e+02,5.000000000000000000e+01,8.867100000000000648e+01,7.000000000000000000e+01
5.970000000000000000e+02,5.000000000000000000e+01,8.873499999999999943e+01,7.000000000000000000e+01
5.980000000000000000e+02,5.000000000000000000e+01,8.867100000000000648e+01,7.000000000000000000e+01
5.990000000000000000e+02,5.000000000000000000e+01,8.870300000000000296e+01,7.000000000000000000e+01
6.000000000000000000e+02,5.000000000000000000e+01,8.873499999999999943e+01,7.000000000000000000e+01
6.010000000000000000e+02,5.000000000000000000e+01,8.873499999999999943e+01,7.000000000000000000e+01
6.020000000000000000e+02,5.000000000000000000e+01,8.873499999999999943e+01,7.000000000000000000e+01
6.030000000000000000e+02,5.000000000000000000e+01,8.886400000000000432e+01,7.000000000000000000e+01
6.040000000000000000e+02,5.000000000000000000e+01,8.883199999999999363e+01,7.000000000000000000e+01
6.050000000000000000e+02,5.000000000000000000e+01,8.873499999999999943e+01,7.000000000000000000e+01
6.060000000000000000e+02,5.000000000000000000e+01,8.876800000000000068e+01,7.000000000000000000e+01
6.070000000000000000e+02,5.000000000000000000e+01,8.889600000000000080e+01,7.000000000000000000e+01
6.080000000000000000e+02,5.000000000000000000e+01,8.886400000000000432e+01,7.000000000000000000e+01
6.090000000000000000e+02,5.000000000000000000e+01,8.876800000000000068e+01,7.000000000000000000e+01
6.100000000000000000e+02,5.000000000000000000e+01,8.883199999999999363e+01,7.000000000000000000e+01
6.110000000000000000e+02,5.000000000000000000e+01,8.876800000000000068e+01,7.000000000000000000e+01
6.120000000000000000e+02,5.000000000000000000e+01,8.870300000000000296e+01,7.000000000000000000e+01
6.130000000000000000e+02,5.000000000000000000e+01,8.867100000000000648e+01,7.000000000000000000e+01
6.140000000000000000e+02,5.000000000000000000e+01,8.863899999999999579e+01,7.000000000000000000e+01
6.150000000000000000e+02,5.000000000000000000e+01,8.870300000000000296e+01,7.000000000000000000e+01
6.160000000000000000e+02,5.000000000000000000e+01,8.867100000000000648e+01,7.000000000000000000e+01
6.170000000000000000e+02,5.000000000000000000e+01,8.867100000000000648e+01,7.000000000000000000e+01
6.180000000000000000e+02,5.000000000000000000e+01,8.870300000000000296e+01,7.000000000000000000e+01
6.190000000000000000e+02,5.000000000000000000e+01,8.863899999999999579e+01,7.000000000000000000e+01
6.200000000000000000e+02,5.000000000000000000e+01,8.863899999999999579e+01,7.000000000000000000e+01
6.210000000000000000e+02,5.000000000000000000e+01,8.870300000000000296e+01,7.000000000000000000e+01
6.220000000000000000e+02,5.000000000000000000e+01,8.886400000000000432e+01,7.000000000000000000e+01
6.230000000000000000e+02,5.000000000000000000e+01,8.879999999999999716e+01,7.000000000000000000e+01
6.240000000000000000e+02,5.000000000000000000e+01,8.886400000000000432e+01,7.000000000000000000e+01
6.250000000000000000e+02,5.000000000000000000e+01,8.889600000000000080e+01,7.000000000000000000e+01
6.260000000000000000e+02,5.000000000000000000e+01,8.889600000000000080e+01,7.000000000000000000e+01
6.270000000000000000e+02,5.000000000000000000e+01,8.889600000000000080e+01,7.000000000000000000e+01
6.280000000000000000e+02,5.000000000000000000e+01,8.879999999999999716e+01,7.000000000000000000e+01
6.290000000000000000e+02,5.000000000000000000e+01,8.889600000000000080e+01,7.000000000000000000e+01
6.300000000000000000e+02,5.000000000000000000e+01,8.889600000000000080e+01,7.000000000000000000e+01
6.310000000000000000e+02,5.000000000000000000e+01,8.889600000000000080e+01,7.000000000000000000e+01
6.320000000000000000e+02,5.000000000000000000e+01,8.889600000000000080e+01,7.000000000000000000e+01
6.330000000000000000e+02,5.000000000000000000e+01,8.892900000000000205e+01,7.000000000000000000e+01
6.340000000000000000e+02,5.000000000000000000e+01,8.892900000000000205e+01,7.000000000000000000e+01
6.350000000000000000e+02,5.000000000000000000e+01,8.889600000000000080e+01,7.000000000000000000e+01
6.360000000000000000e+02,5.000000000000000000e+01,8.889600000000000080e+01,7.000000000000000000e+01
6.370000000000000000e+02,5.000000000000000000e+01,8.889600000000000080e+01,7.000000000000000000e+01
6.380000000000000000e+02,5.000000000000000000e+01,8.889600000000000080e+01,7.000000000000000000e+01
6.390000000000000000e+02,5.000000000000000000e+01,8.889600000000000080e+01,7.000000000000000000e+01
6.400000000000000000e+02,5.000000000000000000e+01,8.889600000000000080e+01,7.000000000000000000e+01
6.410000000000000000e+02,5.000000000000000000e+01,8.889600000000000080e+01,7.000000000000000000e+01
6.420000000000000000e+02,5.000000000000000000e+01,8.889600000000000080e+01,7.000000000000000000e+01
6.430000000000000000e+02,5.000000000000000000e+01,8.889600000000000080e+01,7.000000000000000000e+01
6.440000000000000000e+02,5.000000000000000000e+01,8.889600000000000080e+01,7.000000000000000000e+01
6.450000000000000000e+02,5.000000000000000000e+01,8.889600000000000080e+01,7.000000000000000000e+01
6.460000000000000000e+02,5.000000000000000000e+01,8.889600000000000080e+01,7.000000000000000000e+01
6.470000000000000000e+02,5.000000000000000000e+01,8.889600000000000080e+01,7.000000000000000000e+01
6.480000000000000000e+02,5.000000000000000000e+01,8.889600000000000080e+01,7.000000000000000000e+01
6.490000000000000000e+02,5.000000000000000000e+01,8.889600000000000080e+01,7.000000000000000000e+01
6.500000000000000000e+02,5.000000000000000000e+01,8.889600000000000080e+01,7.000000000000000000e+01
6.510000000000000000e+02,5.000000000000000000e+01,8.889600000000000080e+01,7.000000000000000000e+01
6.520000000000000000e+02,5.000000000000000000e+01,8.889600000000000080e+01,7.000000000000000000e+01
6.530000000000000000e+02,5.000000000000000000e+01,8.889600000000000080e+01,7.000000000000000000e+01
6.540000000000000000e+02,5.000000000000000000e+01,8.889600000000000080e+01,7.000000000000000000e+01
6.550000000000000000e+02,5.000000000000000000e+01,8.889600000000000080e+01,7.000000000000000000e+01
6.560000000000000000e+02,5.000000000000000000e+01,8.889600000000000080e+01,7.000000000000000000e+01
6.570000000000000000e+02,5.000000000000000000e+01,8.889600000000000080e+01,7.000000000000000000e+01
6.580000000000000000e+02,5.000000000000000000e+01,8.889600000000000080e+01,7.000000000000000000e+01
6.590000000000000000e+02,5.000000000000000000e+01,8.889600000000000080e+01,7.000000000000000000e+01
6.600000000000000000e+02,5.000000000000000000e+01,8.889600000000000080e+01,7.000000000000000000e+01
6.610000000000000000e+02,5.000000000000000000e+01,8.889600000000000080e+01,7.000000000000000000e+01
6.620000000000000000e+02,5.000000000000000000e+01,8.889600000000000080e+01,7.000000000000000000e+01
6.630000000000000000e+02,5.000000000000000000e+01,8.889600000000000080e+01,7.000000000000000000e+01
6.640000000000000000e+02,5.000000000000000000e+01,8.889600000000000080e+01,7.000000000000000000e+01
6.650000000000000000e+02,5.000000000000000000e+01,8.889600000000000080e+01,7.000000000000000000e+01
6.660000000000000000e+02,5.000000000000000000e+01,8.889600000000000080e+01,7.000000000000000000e+01
6.670000000000000000e+02,5.000000000000000000e+01,8.889600000000000080e+01,7.000000000000000000e+01
6.680000000000000000e+02,5.000000000000000000e+01,8.889600000000000080e+01,7.000000000000000000e+01
6.690000000000000000e+02,5.000000000000000000e+01,8.889600000000000080e+01,7.000000000000000000e+01
6.700000000000000000e+02,5.000000000000000000e+01,8.889600000000000080e+01,7.000000000000000000e+01
6.710000000000000000e+02,5.000000000000000000e+01,8.889600000000000080e+01,7.000000000000000000e+01
6.720000000000000000e+02,5.000000000000000000e+01,8.889600000000000080e+01,7.000000000000000000e+01
6.730000000000000000e+02,5.000000000000000000e+01,8.889600000000000080e+01,7.000000000000000000e+01
6.740000000000000000e+02,5.000000000000000000e+01,8.889600000000000080e+01,7.000000000000000000e+01
6.750000000000000000e+02,5.000000000000000000e+01,8.889600000000000080e+01,7.000000000000000000e+01
6.760000000000000000e+02,5.000000000000000000e+01,8.889600000000000080e+01,7.000000000000000000e+01
6.770000000000000000e+02,5.000000000000000000e+01,8.889600000000000080e+01,7.000000000000000000e+01
6.780000000000000000e+02,5.000000000000000000e+01,8.889600000000000080e+01,7.000000000000000000e+01
6.790000000000000000e+02,5.000000000000000000e+01,8.889600000000000080e+01,7.000000000000000000e+01
6.800000000000000000e+02,5.000000000000000000e+01,8.889600000000000080e+01,7.000000000000000000e+01
6.810000000000000000e+02,5.000000000000000000e+01,8.889600000000000080e+01,7.000000000000000000e+01
6.820000000000000000e+02,5.000000000000000000e+01,8.889600000000000080e+01,7.000000000000000000e+01
6.830000000000000000e+02,5.000000000000000000e+01,8.889600000000000080e+01,7.000000000000000000e+01
6.840000000000000000e+02,5.000000000000000000e+01,8.889600000000000080e+01,7.000000000000000000e+01
6.850000000000000000e+02,5.000000000000000000e+01,8.889600000000000080e+01,7.000000000000000000e+01
6.860000000000000000e+02,5.000000000000000000e+01,8.889600000000000080e+01,7.000000000000000000e+01
6.870000000000000000e+02,5.000000000000000000e+01,8.886400000000000432e+01,7.000000000000000000e+01
6.880000000000000000e+02,5.000000000000000000e+01,8.889600000000000080e+01,7.000000000000000000e+01
6.890000000000000000e+02,5.000000000000000000e+01,8.889600000000000080e+01,7.000000000000000000e+01
6.900000000000000000e+02,5.000000000000000000e+01,8.889600000000000080e+01,7.000000000000000000e+01
6.910000000000000000e+02,5.000000000000000000e+01,8.889600000000000080e+01,7.000000000000000000e+01
6.920000000000000000e+02,5.000000000000000000e+01,8.889600000000000080e+01,7.000000000000000000e+01
6.930000000000000000e+02,5.000000000000000000e+01,8.889600000000000080e+01,7.000000000000000000e+01
6.940000000000000000e+02,5.000000000000000000e+01,8.889600000000000080e+01,7.000000000000000000e+01
6.950000000000000000e+02,5.000000000000000000e+01,8.889600000000000080e+01,7.000000000000000000e+01
6.960000000000000000e+02,5.000000000000000000e+01,8.889600000000000080e+01,7.000000000000000000e+01
6.970000000000000000e+02,5.000000000000000000e+01,8.889600000000000080e+01,7.000000000000000000e+01
6.980000000000000000e+02,5.000000000000000000e+01,8.889600000000000080e+01,7.000000000000000000e+01
6.990000000000000000e+02,5.000000000000000000e+01,8.889600000000000080e+01,7.000000000000000000e+01
7.000000000000000000e+02,5.000000000000000000e+01,8.889600000000000080e+01,7.000000000000000000e+01
7.010000000000000000e+02,5.000000000000000000e+01,8.889600000000000080e+01,7.000000000000000000e+01
7.020000000000000000e+02,5.000000000000000000e+01,8.889600000000000080e+01,7.000000000000000000e+01
7.030000000000000000e+02,5.000000000000000000e+01,8.889600000000000080e+01,7.000000000000000000e+01
7.040000000000000000e+02,5.000000000000000000e+01,8.889600000000000080e+01,7.000000000000000000e+01
7.050000000000000000e+02,5.000000000000000000e+01,8.889600000000000080e+01,7.000000000000000000e+01
7.060000000000000000e+02,5.000000000000000000e+01,8.889600000000000080e+01,7.000000000000000000e+01
7.070000000000000000e+02,5.000000000000000000e+01,8.889600000000000080e+01,7.000000000000000000e+01
7.080000000000000000e+02,5.000000000000000000e+01,8.889600000000000080e+01,7.000000000000000000e+01
7.090000000000000000e+02,5.000000000000000000e+01,8.867100000000000648e+01,7.000000000000000000e+01
7.100000000000000000e+02,5.000000000000000000e+01,8.867100000000000648e+01,7.000000000000000000e+01
7.110000000000000000e+02,5.000000000000000000e+01,8.860599999999999454e+01,7.000000000000000000e+01
7.120000000000000000e+02,5.000000000000000000e+01,8.863899999999999579e+01,7.000000000000000000e+01
7.130000000000000000e+02,5.000000000000000000e+01,8.857399999999999807e+01,7.000000000000000000e+01
7.140000000000000000e+02,5.000000000000000000e+01,8.857399999999999807e+01,7.000000000000000000e+01
7.150000000000000000e+02,5.000000000000000000e+01,8.857399999999999807e+01,7.000000000000000000e+01
7.160000000000000000e+02,5.000000000000000000e+01,8.857399999999999807e+01,7.000000000000000000e+01
7.170000000000000000e+02,5.000000000000000000e+01,8.857399999999999807e+01,7.000000000000000000e+01
7.180000000000000000e+02,5.000000000000000000e+01,8.857399999999999807e+01,7.000000000000000000e+01
7.190000000000000000e+02,5.000000000000000000e+01,8.857399999999999807e+01,7.000000000000000000e+01
7.200000000000000000e+02,5.000000000000000000e+01,8.857399999999999807e+01,7.000000000000000000e+01
7.210000000000000000e+02,5.000000000000000000e+01,8.851000000000000512e+01,7.000000000000000000e+01
7.220000000000000000e+02,5.000000000000000000e+01,8.851000000000000512e+01,7.000000000000000000e+01
7.230000000000000000e+02,5.000000000000000000e+01,8.851000000000000512e+01,7.000000000000000000e+01
7.240000000000000000e+02,5.000000000000000000e+01,8.851000000000000512e+01,7.000000000000000000e+01
7.250000000000000000e+02,5.000000000000000000e+01,8.834900000000000375e+01,7.000000000000000000e+01
7.260000000000000000e+02,5.000000000000000000e+01,8.844499999999999318e+01,7.000000000000000000e+01
7.270000000000000000e+02,5.000000000000000000e+01,8.841299999999999670e+01,7.000000000000000000e+01
7.280000000000000000e+02,5.000000000000000000e+01,8.844499999999999318e+01,7.000000000000000000e+01
7.290000000000000000e+02,5.000000000000000000e+01,8.854200000000000159e+01,7.000000000000000000e+01
7.300000000000000000e+02,5.000000000000000000e+01,8.857399999999999807e+01,7.000000000000000000e+01
7.310000000000000000e+02,5.000000000000000000e+01,8.857399999999999807e+01,7.000000000000000000e+01
7.320000000000000000e+02,5.000000000000000000e+01,8.851000000000000512e+01,7.000000000000000000e+01
7.330000000000000000e+02,5.000000000000000000e+01,8.847799999999999443e+01,7.000000000000000000e+01
7.340000000000000000e+02,5.000000000000000000e+01,8.857399999999999807e+01,7.000000000000000000e+01
7.350000000000000000e+02,5.000000000000000000e+01,8.857399999999999807e+01,7.000000000000000000e+01
7.360000000000000000e+02,5.000000000000000000e+01,8.857399999999999807e+01,7.000000000000000000e+01
7.370000000000000000e+02,5.000000000000000000e+01,8.857399999999999807e+01,7.000000000000000000e+01
7.380000000000000000e+02,5.000000000000000000e+01,8.860599999999999454e+01,7.000000000000000000e+01
7.390000000000000000e+02,5.000000000000000000e+01,8.860599999999999454e+01,7.000000000000000000e+01
7.400000000000000000e+02,5.000000000000000000e+01,8.863899999999999579e+01,7.000000000000000000e+01
7.410000000000000000e+02,5.000000000000000000e+01,8.863899999999999579e+01,7.000000000000000000e+01
7.420000000000000000e+02,5.000000000000000000e+01,8.860599999999999454e+01,7.000000000000000000e+01
7.430000000000000000e+02,5.000000000000000000e+01,8.857399999999999807e+01,7.000000000000000000e+01
7.440000000000000000e+02,5.000000000000000000e+01,8.857399999999999807e+01,7.000000000000000000e+01
7.450000000000000000e+02,5.000000000000000000e+01,8.857399999999999807e+01,7.000000000000000000e+01
7.460000000000000000e+02,5.000000000000000000e+01,8.857399999999999807e+01,7.000000000000000000e+01
7.470000000000000000e+02,5.000000000000000000e+01,8.857399999999999807e+01,7.000000000000000000e+01
7.480000000000000000e+02,5.000000000000000000e+01,8.860599999999999454e+01,7.000000000000000000e+01
7.490000000000000000e+02,5.000000000000000000e+01,8.863899999999999579e+01,7.000000000000000000e+01
7.500000000000000000e+02,5.000000000000000000e+01,8.867100000000000648e+01,7.000000000000000000e+01
7.510000000000000000e+02,5.000000000000000000e+01,8.873499999999999943e+01,7.000000000000000000e+01
7.520000000000000000e+02,5.000000000000000000e+01,8.879999999999999716e+01,7.000000000000000000e+01
7.530000000000000000e+02,5.000000000000000000e+01,8.879999999999999716e+01,7.000000000000000000e+01
7.540000000000000000e+02,5.000000000000000000e+01,8.883199999999999363e+01,7.000000000000000000e+01
7.550000000000000000e+02,5.000000000000000000e+01,8.876800000000000068e+01,7.000000000000000000e+01
7.560000000000000000e+02,5.000000000000000000e+01,8.883199999999999363e+01,7.000000000000000000e+01
7.570000000000000000e+02,5.000000000000000000e+01,8.889600000000000080e+01,7.000000000000000000e+01
7.580000000000000000e+02,5.000000000000000000e+01,8.889600000000000080e+01,7.000000000000000000e+01
7.590000000000000000e+02,5.000000000000000000e+01,8.889600000000000080e+01,7.000000000000000000e+01
7.600000000000000000e+02,5.000000000000000000e+01,8.886400000000000432e+01,7.000000000000000000e+01
7.610000000000000000e+02,5.000000000000000000e+01,8.889600000000000080e+01,7.000000000000000000e+01
7.620000000000000000e+02,5.000000000000000000e+01,8.889600000000000080e+01,7.000000000000000000e+01
7.630000000000000000e+02,5.000000000000000000e+01,8.889600000000000080e+01,7.000000000000000000e+01
7.640000000000000000e+02,5.000000000000000000e+01,8.889600000000000080e+01,7.000000000000000000e+01
7.650000000000000000e+02,5.000000000000000000e+01,8.889600000000000080e+01,7.000000000000000000e+01
7.660000000000000000e+02,5.000000000000000000e+01,8.889600000000000080e+01,7.000000000000000000e+01
7.670000000000000000e+02,5.000000000000000000e+01,8.889600000000000080e+01,7.000000000000000000e+01
7.680000000000000000e+02,5.000000000000000000e+01,8.889600000000000080e+01,7.000000000000000000e+01
7.690000000000000000e+02,5.000000000000000000e+01,8.889600000000000080e+01,7.000000000000000000e+01
7.700000000000000000e+02,5.000000000000000000e+01,8.889600000000000080e+01,7.000000000000000000e+01
7.710000000000000000e+02,5.000000000000000000e+01,8.889600000000000080e+01,7.000000000000000000e+01
7.720000000000000000e+02,5.000000000000000000e+01,8.889600000000000080e+01,7.000000000000000000e+01
7.730000000000000000e+02,5.000000000000000000e+01,8.889600000000000080e+01,7.000000000000000000e+01
7.740000000000000000e+02,5.000000000000000000e+01,8.889600000000000080e+01,7.000000000000000000e+01
7.750000000000000000e+02,5.000000000000000000e+01,8.889600000000000080e+01,7.000000000000000000e+01
7.760000000000000000e+02,5.000000000000000000e+01,8.892900000000000205e+01,7.000000000000000000e+01
7.770000000000000000e+02,5.000000000000000000e+01,8.892900000000000205e+01,7.000000000000000000e+01
7.780000000000000000e+02,5.000000000000000000e+01,8.889600000000000080e+01,7.000000000000000000e+01
7.790000000000000000e+02,5.000000000000000000e+01,8.896099999999999852e+01,7.000000000000000000e+01
7.800000000000000000e+02,5.000000000000000000e+01,8.905800000000000693e+01,7.000000000000000000e+01
7.810000000000000000e+02,5.000000000000000000e+01,8.896099999999999852e+01,7.000000000000000000e+01
7.820000000000000000e+02,5.000000000000000000e+01,8.905800000000000693e+01,7.000000000000000000e+01
7.830000000000000000e+02,5.000000000000000000e+01,8.915399999999999636e+01,7.000000000000000000e+01
7.840000000000000000e+02,5.000000000000000000e+01,8.912199999999999989e+01,7.000000000000000000e+01
7.850000000000000000e+02,5.000000000000000000e+01,8.918699999999999761e+01,7.000000000000000000e+01
7.860000000000000000e+02,5.000000000000000000e+01,8.918699999999999761e+01,7.000000000000000000e+01
7.870000000000000000e+02,5.000000000000000000e+01,8.918699999999999761e+01,7.000000000000000000e+01
7.880000000000000000e+02,5.000000000000000000e+01,8.921899999999999409e+01,7.000000000000000000e+01
7.890000000000000000e+02,5.000000000000000000e+01,8.921899999999999409e+01,7.000000000000000000e+01
7.900000000000000000e+02,5.000000000000000000e+01,8.921899999999999409e+01,7.000000000000000000e+01
7.910000000000000000e+02,5.000000000000000000e+01,8.915399999999999636e+01,7.000000000000000000e+01
7.920000000000000000e+02,5.000000000000000000e+01,8.918699999999999761e+01,7.000000000000000000e+01
7.930000000000000000e+02,5.000000000000000000e+01,8.921899999999999409e+01,7.000000000000000000e+01
7.940000000000000000e+02,5.000000000000000000e+01,8.921899999999999409e+01,7.000000000000000000e+01
7.950000000000000000e+02,5.000000000000000000e+01,8.921899999999999409e+01,7.000000000000000000e+01
7.960000000000000000e+02,5.000000000000000000e+01,8.921899999999999409e+01,7.000000000000000000e+01
7.970000000000000000e+02,5.000000000000000000e+01,8.921899999999999409e+01,7.000000000000000000e+01
7.980000000000000000e+02,5.000000000000000000e+01,8.921899999999999409e+01,7.000000000000000000e+01
7.990000000000000000e+02,5.000000000000000000e+01,8.921899999999999409e+01,7.000000000000000000e+01
