t,MV,PV,DV
0.000000000000000000e+00,5.000000000000000000e+01,4.558400000000000318e+01,5.000000000000000000e+01
1.000000000000000000e+00,5.000000000000000000e+01,4.552000000000000313e+01,5.000000000000000000e+01
2.000000000000000000e+00,5.000000000000000000e+01,4.539099999999999824e+01,5.000000000000000000e+01
3.000000000000000000e+00,5.000000000000000000e+01,4.539099999999999824e+01,5.000000000000000000e+01
4.000000000000000000e+00,5.000000000000000000e+01,4.539099999999999824e+01,5.000000000000000000e+01
5.000000000000000000e+00,5.000000000000000000e+01,4.522899999999999920e+01,5.000000000000000000e+01
6.000000000000000000e+00,5.000000000000000000e+01,4.510099999999999909e+01,5.000000000000000000e+01
7.000000000000000000e+00,5.000000000000000000e+01,4.506799999999999784e+01,5.000000000000000000e+01
8.000000000000000000e+00,5.000000000000000000e+01,4.506799999999999784e+01,5.000000000000000000e+01
9.000000000000000000e+00,5.000000000000000000e+01,4.506799999999999784e+01,5.000000000000000000e+01
1.000000000000000000e+01,5.000000000000000000e+01,4.490699999999999648e+01,5.000000000000000000e+01
1.100000000000000000e+01,5.000000000000000000e+01,4.484300000000000352e+01,5.000000000000000000e+01
1.200000000000000000e+01,5.000000000000000000e+01,4.474600000000000222e+01,5.000000000000000000e+01
1.300000000000000000e+01,5.000000000000000000e+01,4.474600000000000222e+01,5.000000000000000000e+01
1.400000000000000000e+01,5.000000000000000000e+01,4.474600000000000222e+01,5.000000000000000000e+01
1.500000000000000000e+01,5.000000000000000000e+01,4.474600000000000222e+01,5.000000000000000000e+01
1.600000000000000000e+01,5.000000000000000000e+01,4.474600000000000222e+01,5.000000000000000000e+01
1.700000000000000000e+01,5.000000000000000000e+01,4.474600000000000222e+01,5.000000000000000000e+01
1.800000000000000000e+01,5.000000000000000000e+01,4.464900000000000091e+01,5.000000000000000000e+01
1.900000000000000000e+01,5.000000000000000000e+01,4.471399999999999864e+01,5.000000000000000000e+01
2.000000000000000000e+01,5.000000000000000000e+01,4.448799999999999955e+01,5.000000000000000000e+01
2.100000000000000000e+01,5.000000000000000000e+01,4.442399999999999949e+01,5.000000000000000000e+01
2.200000000000000000e+01,5.000000000000000000e+01,4.442399999999999949e+01,5.000000000000000000e+01
2.300000000000000000e+01,5.000000000000000000e+01,4.442399999999999949e+01,5.000000000000000000e+01
2.400000000000000000e+01,5.000000000000000000e+01,4.442399999999999949e+01,5.000000000000000000e+01
2.500000000000000000e+01,5.000000000000000000e+01,4.442399999999999949e+01,5.000000000000000000e+01
2.600000000000000000e+01,5.000000000000000000e+01,4.442399999999999949e+01,5.000000000000000000e+01
2.700000000000000000e+01,5.000000000000000000e+01,4.442399999999999949e+01,5.000000000000000000e+01
2.800000000000000000e+01,5.000000000000000000e+01,4.442399999999999949e+01,5.000000000000000000e+01
2.900000000000000000e+01,5.000000000000000000e+01,4.445600000000000307e+01,5.000000000000000000e+01
3.000000000000000000e+01,5.000000000000000000e+01,4.445600000000000307e+01,5.000000000000000000e+01
3.100000000000000000e+01,5.000000000000000000e+01,4.458500000000000085e+01,5.000000000000000000e+01
3.200000000000000000e+01,5.000000000000000000e+01,4.468200000000000216e+01,5.000000000000000000e+01
3.300000000000000000e+01,5.000000000000000000e+01,4.471399999999999864e+01,5.000000000000000000e+01
3.400000000000000000e+01,5.000000000000000000e+01,4.474600000000000222e+01,5.000000000000000000e+01
3.500000000000000000e+01,5.000000000000000000e+01,4.474600000000000222e+01,5.000000000000000000e+01
3.600000000000000000e+01,5.000000000000000000e+01,4.474600000000000222e+01,5.000000000000000000e+01
3.700000000000000000e+01,5.000000000000000000e+01,4.487500000000000000e+01,5.000000000000000000e+01
3.800000000000000000e+01,5.000000000000000000e+01,4.506799999999999784e+01,5.000000000000000000e+01
3.900000000000000000e+01,5.000000000000000000e+01,4.506799999999999784e+01,5.000000000000000000e+01
4.000000000000000000e+01,5.000000000000000000e+01,4.506799999999999784e+01,5.000000000000000000e+01
4.100000000000000000e+01,5.000000000000000000e+01,4.506799999999999784e+01,5.000000000000000000e+01
4.200000000000000000e+01,5.000000000000000000e+01,4.519700000000000273e+01,5.000000000000000000e+01
4.300000000000000000e+01,5.000000000000000000e+01,4.539099999999999824e+01,5.000000000000000000e+01
4.400000000000000000e+01,5.000000000000000000e+01,4.539099999999999824e+01,5.000000000000000000e+01
4.500000000000000000e+01,5.000000000000000000e+01,4.558400000000000318e+01,5.000000000000000000e+01
4.600000000000000000e+01,5.000000000000000000e+01,4.571300000000000097e+01,5.000000000000000000e+01
4.700000000000000000e+01,5.000000000000000000e+01,4.571300000000000097e+01,5.000000000000000000e+01
4.800000000000000000e+01,5.000000000000000000e+01,4.584199999999999875e+01,5.000000000000000000e+01
4.900000000000000000e+01,5.000000000000000000e+01,4.603499999999999659e+01,5.000000000000000000e+01
5.000000000000000000e+01,5.000000000000000000e+01,4.603499999999999659e+01,5.000000000000000000e+01
5.100000000000000000e+01,5.000000000000000000e+01,4.619599999999999795e+01,5.000000000000000000e+01
5.200000000000000000e+01,5.000000000000000000e+01,4.635699999999999932e+01,5.000000000000000000e+01
5.300000000000000000e+01,5.000000000000000000e+01,4.635699999999999932e+01,5.000000000000000000e+01
5.400000000000000000e+01,5.000000000000000000e+01,4.661500000000000199e+01,5.000000000000000000e+01
5.500000000000000000e+01,5.000000000000000000e+01,4.667999999999999972e+01,5.000000000000000000e+01
5.600000000000000000e+01,5.000000000000000000e+01,4.690500000000000114e+01,5.000000000000000000e+01
5.700000000000000000e+01,5.000000000000000000e+01,4.700200000000000244e+01,5.000000000000000000e+01
5.800000000000000000e+01,5.000000000000000000e+01,4.703399999999999892e+01,5.000000000000000000e+01
5.900000000000000000e+01,5.000000000000000000e+01,4.732399999999999807e+01,5.000000000000000000e+01
6.000000000000000000e+01,5.000000000000000000e+01,4.732399999999999807e+01,5.000000000000000000e+01
6.100000000000000000e+01,5.000000000000000000e+01,4.748499999999999943e+01,5.000000000000000000e+01
6.200000000000000000e+01,5.000000000000000000e+01,4.764600000000000080e+01,5.000000000000000000e+01
6.300000000000000000e+01,5.000000000000000000e+01,4.771099999999999852e+01,5.000000000000000000e+01
6.400000000000000000e+01,5.000000000000000000e+01,4.796900000000000119e+01,5.000000000000000000e+01
6.500000000000000000e+01,5.000000000000000000e+01,4.796900000000000119e+01,5.000000000000000000e+01
6.600000000000000000e+01,5.000000000000000000e+01,4.829099999999999682e+01,5.000000000000000000e+01
6.700000000000000000e+01,5.000000000000000000e+01,4.829099999999999682e+01,5.000000000000000000e+01
6.800000000000000000e+01,5.000000000000000000e+01,4.858100000000000307e+01,5.000000000000000000e+01
6.900000000000000000e+01,5.000000000000000000e+01,4.861299999999999955e+01,5.000000000000000000e+01
7.000000000000000000e+01,5.000000000000000000e+01,4.887100000000000222e+01,5.000000000000000000e+01
7.100000000000000000e+01,5.000000000000000000e+01,4.893599999999999994e+01,5.000000000000000000e+01
7.200000000000000000e+01,5.000000000000000000e+01,4.916100000000000136e+01,5.000000000000000000e+01
7.300000000000000000e+01,5.000000000000000000e+01,4.925800000000000267e+01,5.000000000000000000e+01
7.400000000000000000e+01,5.000000000000000000e+01,4.938700000000000045e+01,5.000000000000000000e+01
7.500000000000000000e+01,5.000000000000000000e+01,4.957999999999999829e+01,5.000000000000000000e+01
7.600000000000000000e+01,5.000000000000000000e+01,4.970900000000000318e+01,5.000000000000000000e+01
7.700000000000000000e+01,5.000000000000000000e+01,4.990200000000000102e+01,5.000000000000000000e+01
7.800000000000000000e+01,5.000000000000000000e+01,5.006300000000000239e+01,5.000000000000000000e+01
7.900000000000000000e+01,5.000000000000000000e+01,5.022500000000000142e+01,5.000000000000000000e+01
8.000000000000000000e+01,5.000000000000000000e+01,5.032099999999999795e+01,5.000000000000000000e+01
8.100000000000000000e+01,5.000000000000000000e+01,5.054699999999999704e+01,5.000000000000000000e+01
8.200000000000000000e+01,5.000000000000000000e+01,5.054699999999999704e+01,5.000000000000000000e+01
8.300000000000000000e+01,5.000000000000000000e+01,5.086899999999999977e+01,5.000000000000000000e+01
8.400000000000000000e+01,5.000000000000000000e+01,5.086899999999999977e+01,5.000000000000000000e+01
8.500000000000000000e+01,5.000000000000000000e+01,5.119100000000000250e+01,5.000000000000000000e+01
8.600000000000000000e+01,5.000000000000000000e+01,5.122399999999999665e+01,5.000000000000000000e+01
8.700000000000000000e+01,5.000000000000000000e+01,5.151400000000000290e+01,5.000000000000000000e+01
8.800000000000000000e+01,5.000000000000000000e+01,5.154599999999999937e+01,5.000000000000000000e+01
8.900000000000000000e+01,5.000000000000000000e+01,5.183599999999999852e+01,5.000000000000000000e+01
9.000000000000000000e+01,5.000000000000000000e+01,5.193299999999999983e+01,5.000000000000000000e+01
9.100000000000000000e+01,5.000000000000000000e+01,5.215800000000000125e+01,5.000000000000000000e+01
9.200000000000000000e+01,5.000000000000000000e+01,5.235199999999999676e+01,5.000000000000000000e+01
9.300000000000000000e+01,5.000000000000000000e+01,5.247999999999999687e+01,5.000000000000000000e+01
9.400000000000000000e+01,5.000000000000000000e+01,5.264200000000000301e+01,5.000000000000000000e+01
9.500000000000000000e+01,5.000000000000000000e+01,5.280299999999999727e+01,5.000000000000000000e+01
9.600000000000000000e+01,5.000000000000000000e+01,5.286699999999999733e+01,5.000000000000000000e+01
9.700000000000000000e+01,5.000000000000000000e+01,5.312500000000000000e+01,5.000000000000000000e+01
9.800000000000000000e+01,5.000000000000000000e+01,5.315699999999999648e+01,5.000000000000000000e+01
9.900000000000000000e+01,5.000000000000000000e+01,5.341499999999999915e+01,5.000000000000000000e+01
1.000000000000000000e+02,5.000000000000000000e+01,5.351200000000000045e+01,5.000000000000000000e+01
1.010000000000000000e+02,5.000000000000000000e+01,5.377000000000000313e+01,5.000000000000000000e+01
1.020000000000000000e+02,5.000000000000000000e+01,5.380199999999999960e+01,5.000000000000000000e+01
1.030000000000000000e+02,5.000000000000000000e+01,5.409199999999999875e+01,5.000000000000000000e+01
1.040000000000000000e+02,5.000000000000000000e+01,5.409199999999999875e+01,5.000000000000000000e+01
1.050000000000000000e+02,5.000000000000000000e+01,5.435000000000000142e+01,5.000000000000000000e+01
1.060000000000000000e+02,5.000000000000000000e+01,5.441400000000000148e+01,5.000000000000000000e+01
1.070000000000000000e+02,5.000000000000000000e+01,5.464000000000000057e+01,5.000000000000000000e+01
1.080000000000000000e+02,5.000000000000000000e+01,5.473599999999999710e+01,5.000000000000000000e+01
1.090000000000000000e+02,5.000000000000000000e+01,5.486500000000000199e+01,5.000000000000000000e+01
1.100000000000000000e+02,5.000000000000000000e+01,5.505899999999999750e+01,5.000000000000000000e+01
1.110000000000000000e+02,5.000000000000000000e+01,5.512299999999999756e+01,5.000000000000000000e+01
1.120000000000000000e+02,5.000000000000000000e+01,5.538100000000000023e+01,5.000000000000000000e+01
1.130000000000000000e+02,5.000000000000000000e+01,5.538100000000000023e+01,5.000000000000000000e+01
1.140000000000000000e+02,5.000000000000000000e+01,5.567099999999999937e+01,5.000000000000000000e+01
1.150000000000000000e+02,5.000000000000000000e+01,5.570300000000000296e+01,5.000000000000000000e+01
1.160000000000000000e+02,5.000000000000000000e+01,5.602499999999999858e+01,5.000000000000000000e+01
1.170000000000000000e+02,5.000000000000000000e+01,5.602499999999999858e+01,5.000000000000000000e+01
1.180000000000000000e+02,5.000000000000000000e+01,5.631499999999999773e+01,5.000000000000000000e+01
1.190000000000000000e+02,5.000000000000000000e+01,5.634799999999999898e+01,5.000000000000000000e+01
1.200000000000000000e+02,5.000000000000000000e+01,5.657300000000000040e+01,5.000000000000000000e+01
1.210000000000000000e+02,5.000000000000000000e+01,5.667000000000000171e+01,5.000000000000000000e+01
1.220000000000000000e+02,5.000000000000000000e+01,5.673400000000000176e+01,5.000000000000000000e+01
1.230000000000000000e+02,5.000000000000000000e+01,5.699199999999999733e+01,5.000000000000000000e+01
1.240000000000000000e+02,5.000000000000000000e+01,5.702400000000000091e+01,5.000000000000000000e+01
1.250000000000000000e+02,5.000000000000000000e+01,5.728199999999999648e+01,5.000000000000000000e+01
1.260000000000000000e+02,5.000000000000000000e+01,5.734700000000000131e+01,5.000000000000000000e+01
1.270000000000000000e+02,5.000000000000000000e+01,5.763700000000000045e+01,5.000000000000000000e+01
1.280000000000000000e+02,5.000000000000000000e+01,5.763700000000000045e+01,5.000000000000000000e+01
1.290000000000000000e+02,5.000000000000000000e+01,5.795900000000000318e+01,5.000000000000000000e+01
1.300000000000000000e+02,5.000000000000000000e+01,5.795900000000000318e+01,5.000000000000000000e+01
1.310000000000000000e+02,5.000000000000000000e+01,5.815200000000000102e+01,5.000000000000000000e+01
1.320000000000000000e+02,5.000000000000000000e+01,5.828099999999999881e+01,5.000000000000000000e+01
1.330000000000000000e+02,5.000000000000000000e+01,5.834599999999999653e+01,5.000000000000000000e+01
1.340000000000000000e+02,5.000000000000000000e+01,5.860399999999999920e+01,5.000000000000000000e+01
1.350000000000000000e+02,5.000000000000000000e+01,5.860399999999999920e+01,5.000000000000000000e+01
1.360000000000000000e+02,5.000000000000000000e+01,5.892600000000000193e+01,5.000000000000000000e+01
1.370000000000000000e+02,5.000000000000000000e+01,5.892600000000000193e+01,5.000000000000000000e+01
1.380000000000000000e+02,5.000000000000000000e+01,5.924799999999999756e+01,5.000000000000000000e+01
1.390000000000000000e+02,5.000000000000000000e+01,5.924799999999999756e+01,5.000000000000000000e+01
1.400000000000000000e+02,5.000000000000000000e+01,5.953799999999999670e+01,5.000000000000000000e+01
1.410000000000000000e+02,5.000000000000000000e+01,5.957000000000000028e+01,5.000000000000000000e+01
1.420000000000000000e+02,5.000000000000000000e+01,5.957000000000000028e+01,5.000000000000000000e+01
1.430000000000000000e+02,5.000000000000000000e+01,5.985999999999999943e+01,5.000000000000000000e+01
1.440000000000000000e+02,5.000000000000000000e+01,5.989300000000000068e+01,5.000000000000000000e+01
1.450000000000000000e+02,5.000000000000000000e+01,6.014999999999999858e+01,5.000000000000000000e+01
1.460000000000000000e+02,5.000000000000000000e+01,6.021500000000000341e+01,5.000000000000000000e+01
1.470000000000000000e+02,5.000000000000000000e+01,6.021500000000000341e+01,5.000000000000000000e+01
1.480000000000000000e+02,5.000000000000000000e+01,6.024699999999999989e+01,5.000000000000000000e+01
1.490000000000000000e+02,5.000000000000000000e+01,6.047299999999999898e+01,5.000000000000000000e+01
1.500000000000000000e+02,5.000000000000000000e+01,6.053699999999999903e+01,5.000000000000000000e+01
1.510000000000000000e+02,5.000000000000000000e+01,6.056900000000000261e+01,5.000000000000000000e+01
1.520000000000000000e+02,5.000000000000000000e+01,6.085900000000000176e+01,5.000000000000000000e+01
1.530000000000000000e+02,5.000000000000000000e+01,6.085900000000000176e+01,5.000000000000000000e+01
1.540000000000000000e+02,5.000000000000000000e+01,6.095600000000000307e+01,5.000000000000000000e+01
1.550000000000000000e+02,5.000000000000000000e+01,6.114900000000000091e+01,5.000000000000000000e+01
1.560000000000000000e+02,5.000000000000000000e+01,6.118200000000000216e+01,5.000000000000000000e+01
1.570000000000000000e+02,5.000000000000000000e+01,6.121399999999999864e+01,5.000000000000000000e+01
1.580000000000000000e+02,5.000000000000000000e+01,6.147200000000000131e+01,5.000000000000000000e+01
1.590000000000000000e+02,5.000000000000000000e+01,6.150399999999999778e+01,5.000000000000000000e+01
1.600000000000000000e+02,5.000000000000000000e+01,6.166499999999999915e+01,5.000000000000000000e+01
1.610000000000000000e+02,5.000000000000000000e+01,6.182600000000000051e+01,5.000000000000000000e+01
1.620000000000000000e+02,5.000000000000000000e+01,6.185799999999999699e+01,5.000000000000000000e+01
1.630000000000000000e+02,5.000000000000000000e+01,6.192300000000000182e+01,5.000000000000000000e+01
1.640000000000000000e+02,5.000000000000000000e+01,6.214800000000000324e+01,5.000000000000000000e+01
1.650000000000000000e+02,5.000000000000000000e+01,6.214800000000000324e+01,5.000000000000000000e+01
1.660000000000000000e+02,5.000000000000000000e+01,6.231000000000000227e+01,5.000000000000000000e+01
1.670000000000000000e+02,5.000000000000000000e+01,6.247099999999999653e+01,5.000000000000000000e+01
1.680000000000000000e+02,5.000000000000000000e+01,6.247099999999999653e+01,5.000000000000000000e+01
1.690000000000000000e+02,5.000000000000000000e+01,6.260000000000000142e+01,5.000000000000000000e+01
1.700000000000000000e+02,5.000000000000000000e+01,6.272899999999999920e+01,5.000000000000000000e+01
1.710000000000000000e+02,5.000000000000000000e+01,6.279299999999999926e+01,5.000000000000000000e+01
1.720000000000000000e+02,5.000000000000000000e+01,6.285699999999999932e+01,5.000000000000000000e+01
1.730000000000000000e+02,5.000000000000000000e+01,6.308299999999999841e+01,5.000000000000000000e+01
1.740000000000000000e+02,5.000000000000000000e+01,6.311500000000000199e+01,5.000000000000000000e+01
1.750000000000000000e+02,5.000000000000000000e+01,6.311500000000000199e+01,5.000000000000000000e+01
1.760000000000000000e+02,5.000000000000000000e+01,6.324399999999999977e+01,5.000000000000000000e+01
1.770000000000000000e+02,5.000000000000000000e+01,6.343800000000000239e+01,5.000000000000000000e+01
1.780000000000000000e+02,5.000000000000000000e+01,6.343800000000000239e+01,5.000000000000000000e+01
1.790000000000000000e+02,5.000000000000000000e+01,6.346999999999999886e+01,5.000000000000000000e+01
1.800000000000000000e+02,5.000000000000000000e+01,6.369500000000000028e+01,5.000000000000000000e+01
1.810000000000000000e+02,5.000000000000000000e+01,6.375999999999999801e+01,5.000000000000000000e+01
1.820000000000000000e+02,5.000000000000000000e+01,6.375999999999999801e+01,5.000000000000000000e+01
1.830000000000000000e+02,5.000000000000000000e+01,6.398499999999999943e+01,5.000000000000000000e+01
1.840000000000000000e+02,5.000000000000000000e+01,6.408199999999999363e+01,5.000000000000000000e+01
1.850000000000000000e+02,5.000000000000000000e+01,6.408199999999999363e+01,5.000000000000000000e+01
1.860000000000000000e+02,5.000000000000000000e+01,6.430800000000000693e+01,5.000000000000000000e+01
1.870000000000000000e+02,5.000000000000000000e+01,6.440399999999999636e+01,5.000000000000000000e+01
1.880000000000000000e+02,5.000000000000000000e+01,6.440399999999999636e+01,5.000000000000000000e+01
1.890000000000000000e+02,5.000000000000000000e+01,6.443699999999999761e+01,5.000000000000000000e+01
1.900000000000000000e+02,5.000000000000000000e+01,6.472700000000000387e+01,5.000000000000000000e+01
1.910000000000000000e+02,5.000000000000000000e+01,6.472700000000000387e+01,5.000000000000000000e+01
1.920000000000000000e+02,5.000000000000000000e+01,6.475900000000000034e+01,5.000000000000000000e+01
1.930000000000000000e+02,5.000000000000000000e+01,6.504900000000000659e+01,5.000000000000000000e+01
1.940000000000000000e+02,5.000000000000000000e+01,6.504900000000000659e+01,5.000000000000000000e+01
1.950000000000000000e+02,5.000000000000000000e+01,6.504900000000000659e+01,5.000000000000000000e+01
1.960000000000000000e+02,5.000000000000000000e+01,6.524200000000000443e+01,5.000000000000000000e+01
1.970000000000000000e+02,5.000000000000000000e+01,6.537099999999999511e+01,5.000000000000000000e+01
1.980000000000000000e+02,5.000000000000000000e+01,6.537099999999999511e+01,5.000000000000000000e+01
1.990000000000000000e+02,5.000000000000000000e+01,6.546800000000000352e+01,5.000000000000000000e+01
2.000000000000000000e+02,5.000000000000000000e+01,6.569299999999999784e+01,5.000000000000000000e+01
2.010000000000000000e+02,5.000000000000000000e+01,6.569299999999999784e+01,5.000000000000000000e+01
2.020000000000000000e+02,5.000000000000000000e+01,6.572599999999999909e+01,5.000000000000000000e+01
2.030000000000000000e+02,5.000000000000000000e+01,6.591899999999999693e+01,5.000000000000000000e+01
2.040000000000000000e+02,5.000000000000000000e+01,6.601600000000000534e+01,5.000000000000000000e+01
2.050000000000000000e+02,5.000000000000000000e+01,6.601600000000000534e+01,5.000000000000000000e+01
2.060000000000000000e+02,5.000000000000000000e+01,6.614499999999999602e+01,5.000000000000000000e+01
2.070000000000000000e+02,5.000000000000000000e+01,6.630599999999999739e+01,5.000000000000000000e+01
2.080000000000000000e+02,5.000000000000000000e+01,6.633799999999999386e+01,5.000000000000000000e+01
2.090000000000000000e+02,5.000000000000000000e+01,6.633799999999999386e+01,5.000000000000000000e+01
2.100000000000000000e+02,5.000000000000000000e+01,6.653100000000000591e+01,5.000000000000000000e+01
2.110000000000000000e+02,5.000000000000000000e+01,6.665999999999999659e+01,5.000000000000000000e+01
2.120000000000000000e+02,5.000000000000000000e+01,6.669199999999999307e+01,5.000000000000000000e+01
2.130000000000000000e+02,5.000000000000000000e+01,6.678900000000000148e+01,5.000000000000000000e+01
2.140000000000000000e+02,5.000000000000000000e+01,6.698199999999999932e+01,5.000000000000000000e+01
2.150000000000000000e+02,5.000000000000000000e+01,6.698199999999999932e+01,5.000000000000000000e+01
2.160000000000000000e+02,5.000000000000000000e+01,6.701500000000000057e+01,5.000000000000000000e+01
2.170000000000000000e+02,5.000000000000000000e+01,6.717600000000000193e+01,5.000000000000000000e+01
2.180000000000000000e+02,5.000000000000000000e+01,6.730500000000000682e+01,5.000000000000000000e+01
2.190000000000000000e+02,5.000000000000000000e+01,6.730500000000000682e+01,5.000000000000000000e+01
2.200000000000000000e+02,5.000000000000000000e+01,6.740099999999999625e+01,5.000000000000000000e+01
2.210000000000000000e+02,5.000000000000000000e+01,6.749800000000000466e+01,5.000000000000000000e+01
2.220000000000000000e+02,5.000000000000000000e+01,6.762699999999999534e+01,5.000000000000000000e+01
2.230000000000000000e+02,5.000000000000000000e+01,6.762699999999999534e+01,5.000000000000000000e+01
2.240000000000000000e+02,5.000000000000000000e+01,6.762699999999999534e+01,5.000000000000000000e+01
2.250000000000000000e+02,5.000000000000000000e+01,6.775600000000000023e+01,5.000000000000000000e+01
2.260000000000000000e+02,5.000000000000000000e+01,6.791700000000000159e+01,5.000000000000000000e+01
2.270000000000000000e+02,5.000000000000000000e+01,6.791700000000000159e+01,5.000000000000000000e+01
2.280000000000000000e+02,5.000000000000000000e+01,6.794899999999999807e+01,5.000000000000000000e+01
2.290000000000000000e+02,5.000000000000000000e+01,6.794899999999999807e+01,5.000000000000000000e+01
2.300000000000000000e+02,5.000000000000000000e+01,6.817499999999999716e+01,5.000000000000000000e+01
2.310000000000000000e+02,5.000000000000000000e+01,6.827100000000000080e+01,5.000000000000000000e+01
2.320000000000000000e+02,5.000000000000000000e+01,6.827100000000000080e+01,5.000000000000000000e+01
2.330000000000000000e+02,5.000000000000000000e+01,6.827100000000000080e+01,5.000000000000000000e+01
2.340000000000000000e+02,5.000000000000000000e+01,6.833599999999999852e+01,5.000000000000000000e+01
2.350000000000000000e+02,5.000000000000000000e+01,6.840000000000000568e+01,5.000000000000000000e+01
2.360000000000000000e+02,5.000000000000000000e+01,6.859399999999999409e+01,5.000000000000000000e+01
2.370000000000000000e+02,5.000000000000000000e+01,6.859399999999999409e+01,5.000000000000000000e+01
2.380000000000000000e+02,5.000000000000000000e+01,6.859399999999999409e+01,5.000000000000000000e+01
2.390000000000000000e+02,5.000000000000000000e+01,6.859399999999999409e+01,5.000000000000000000e+01
2.400000000000000000e+02,5.000000000000000000e+01,6.872299999999999898e+01,5.000000000000000000e+01
2.410000000000000000e+02,5.000000000000000000e+01,6.872299999999999898e+01,5.000000000000000000e+01
2.420000000000000000e+02,5.000000000000000000e+01,6.881900000000000261e+01,5.000000000000000000e+01
2.430000000000000000e+02,5.000000000000000000e+01,6.891599999999999682e+01,5.000000000000000000e+01
2.440000000000000000e+02,5.000000000000000000e+01,6.891599999999999682e+01,5.000000000000000000e+01
2.450000000000000000e+02,5.000000000000000000e+01,6.891599999999999682e+01,5.000000000000000000e+01
2.460000000000000000e+02,5.000000000000000000e+01,6.907699999999999818e+01,5.000000000000000000e+01
2.470000000000000000e+02,5.000000000000000000e+01,6.923799999999999955e+01,5.000000000000000000e+01
2.480000000000000000e+02,5.000000000000000000e+01,6.923799999999999955e+01,5.000000000000000000e+01
2.490000000000000000e+02,5.000000000000000000e+01,6.923799999999999955e+01,5.000000000000000000e+01
2.500000000000000000e+02,5.000000000000000000e+01,6.923799999999999955e+01,5.000000000000000000e+01
2.510000000000000000e+02,5.000000000000000000e+01,6.952800000000000580e+01,5.000000000000000000e+01
2.520000000000000000e+02,5.000000000000000000e+01,6.956100000000000705e+01,5.000000000000000000e+01
2.530000000000000000e+02,5.000000000000000000e+01,6.956100000000000705e+01,5.000000000000000000e+01
2.540000000000000000e+02,5.000000000000000000e+01,6.956100000000000705e+01,5.000000000000000000e+01
2.550000000000000000e+02,5.000000000000000000e+01,6.965699999999999648e+01,5.000000000000000000e+01
2.560000000000000000e+02,5.000000000000000000e+01,6.981799999999999784e+01,5.000000000000000000e+01
2.570000000000000000e+02,5.000000000000000000e+01,6.988299999999999557e+01,5.000000000000000000e+01
2.580000000000000000e+02,5.000000000000000000e+01,6.988299999999999557e+01,5.000000000000000000e+01
2.590000000000000000e+02,5.000000000000000000e+01,6.988299999999999557e+01,5.000000000000000000e+01
2.600000000000000000e+02,5.000000000000000000e+01,6.997899999999999920e+01,5.000000000000000000e+01
2.610000000000000000e+02,5.000000000000000000e+01,7.001200000000000045e+01,5.000000000000000000e+01
2.620000000000000000e+02,5.000000000000000000e+01,7.017300000000000182e+01,5.000000000000000000e+01
2.630000000000000000e+02,5.000000000000000000e+01,7.020499999999999829e+01,5.000000000000000000e+01
2.640000000000000000e+02,5.000000000000000000e+01,7.020499999999999829e+01,5.000000000000000000e+01
2.650000000000000000e+02,5.000000000000000000e+01,7.020499999999999829e+01,5.000000000000000000e+01
2.660000000000000000e+02,5.000000000000000000e+01,7.020499999999999829e+01,5.000000000000000000e+01
2.670000000000000000e+02,5.000000000000000000e+01,7.039799999999999613e+01,5.000000000000000000e+01
2.680000000000000000e+02,5.000000000000000000e+01,7.049500000000000455e+01,5.000000000000000000e+01
2.690000000000000000e+02,5.000000000000000000e+01,7.052700000000000102e+01,5.000000000000000000e+01
2.700000000000000000e+02,5.000000000000000000e+01,7.052700000000000102e+01,5.000000000000000000e+01
2.710000000000000000e+02,5.000000000000000000e+01,7.056000000000000227e+01,5.000000000000000000e+01
2.720000000000000000e+02,5.000000000000000000e+01,7.059199999999999875e+01,5.000000000000000000e+01
2.730000000000000000e+02,5.000000000000000000e+01,7.078499999999999659e+01,5.000000000000000000e+01
2.740000000000000000e+02,5.000000000000000000e+01,7.084999999999999432e+01,5.000000000000000000e+01
2.750000000000000000e+02,5.000000000000000000e+01,7.084999999999999432e+01,5.000000000000000000e+01
2.760000000000000000e+02,5.000000000000000000e+01,7.084999999999999432e+01,5.000000000000000000e+01
2.770000000000000000e+02,5.000000000000000000e+01,7.084999999999999432e+01,5.000000000000000000e+01
2.780000000000000000e+02,5.000000000000000000e+01,7.084999999999999432e+01,5.000000000000000000e+01
2.790000000000000000e+02,5.000000000000000000e+01,7.107500000000000284e+01,5.000000000000000000e+01
2.800000000000000000e+02,5.000000000000000000e+01,7.114000000000000057e+01,5.000000000000000000e+01
2.810000000000000000e+02,5.000000000000000000e+01,7.117199999999999704e+01,5.000000000000000000e+01
2.820000000000000000e+02,5.000000000000000000e+01,7.117199999999999704e+01,5.000000000000000000e+01
2.830000000000000000e+02,5.000000000000000000e+01,7.117199999999999704e+01,5.000000000000000000e+01
2.840000000000000000e+02,5.000000000000000000e+01,7.117199999999999704e+01,5.000000000000000000e+01
2.850000000000000000e+02,5.000000000000000000e+01,7.126900000000000546e+01,5.000000000000000000e+01
2.860000000000000000e+02,5.000000000000000000e+01,7.143000000000000682e+01,5.000000000000000000e+01
2.870000000000000000e+02,5.000000000000000000e+01,7.149399999999999977e+01,5.000000000000000000e+01
2.880000000000000000e+02,5.000000000000000000e+01,7.149399999999999977e+01,5.000000000000000000e+01
2.890000000000000000e+02,5.000000000000000000e+01,7.149399999999999977e+01,5.000000000000000000e+01
2.900000000000000000e+02,5.000000000000000000e+01,7.149399999999999977e+01,5.000000000000000000e+01
2.910000000000000000e+02,5.000000000000000000e+01,7.155899999999999750e+01,5.000000000000000000e+01
2.920000000000000000e+02,5.000000000000000000e+01,7.171999999999999886e+01,5.000000000000000000e+01
2.930000000000000000e+02,5.000000000000000000e+01,7.181600000000000250e+01,5.000000000000000000e+01
2.940000000000000000e+02,5.000000000000000000e+01,7.181600000000000250e+01,5.000000000000000000e+01
2.950000000000000000e+02,5.000000000000000000e+01,7.181600000000000250e+01,5.000000000000000000e+01
2.960000000000000000e+02,5.000000000000000000e+01,7.181600000000000250e+01,5.000000000000000000e+01
2.970000000000000000e+02,5.000000000000000000e+01,7.188100000000000023e+01,5.000000000000000000e+01
2.980000000000000000e+02,5.000000000000000000e+01,7.188100000000000023e+01,5.000000000000000000e+01
2.990000000000000000e+02,5.000000000000000000e+01,7.207399999999999807e+01,5.000000000000000000e+01
3.000000000000000000e+02,5.000000000000000000e+01,7.213899999999999579e+01,5.000000000000000000e+01
3.010000000000000000e+02,5.000000000000000000e+01,7.213899999999999579e+01,5.000000000000000000e+01
3.020000000000000000e+02,5.000000000000000000e+01,7.213899999999999579e+01,5.000000000000000000e+01
3.030000000000000000e+02,5.000000000000000000e+01,7.213899999999999579e+01,5.000000000000000000e+01
3.040000000000000000e+02,5.000000000000000000e+01,7.213899999999999579e+01,5.000000000000000000e+01
3.050000000000000000e+02,5.000000000000000000e+01,7.217100000000000648e+01,5.000000000000000000e+01
3.060000000000000000e+02,5.000000000000000000e+01,7.217100000000000648e+01,5.000000000000000000e+01
3.070000000000000000e+02,5.000000000000000000e+01,7.233199999999999363e+01,5.000000000000000000e+01
3.080000000000000000e+02,5.000000000000000000e+01,7.236400000000000432e+01,5.000000000000000000e+01
3.090000000000000000e+02,5.000000000000000000e+01,7.246099999999999852e+01,5.000000000000000000e+01
3.100000000000000000e+02,5.000000000000000000e+01,7.246099999999999852e+01,5.000000000000000000e+01
3.110000000000000000e+02,5.000000000000000000e+01,7.246099999999999852e+01,5.000000000000000000e+01
3.120000000000000000e+02,5.000000000000000000e+01,7.246099999999999852e+01,5.000000000000000000e+01
3.130000000000000000e+02,5.000000000000000000e+01,7.246099999999999852e+01,5.000000000000000000e+01
3.140000000000000000e+02,5.000000000000000000e+01,7.262199999999999989e+01,5.000000000000000000e+01
3.150000000000000000e+02,5.000000000000000000e+01,7.275100000000000477e+01,5.000000000000000000e+01
3.160000000000000000e+02,5.000000000000000000e+01,7.278300000000000125e+01,5.000000000000000000e+01
3.170000000000000000e+02,5.000000000000000000e+01,7.278300000000000125e+01,5.000000000000000000e+01
3.180000000000000000e+02,5.000000000000000000e+01,7.278300000000000125e+01,5.000000000000000000e+01
3.190000000000000000e+02,5.000000000000000000e+01,7.278300000000000125e+01,5.000000000000000000e+01
3.200000000000000000e+02,5.000000000000000000e+01,7.278300000000000125e+01,5.000000000000000000e+01
3.210000000000000000e+02,5.000000000000000000e+01,7.281499999999999773e+01,5.000000000000000000e+01
3.220000000000000000e+02,5.000000000000000000e+01,7.278300000000000125e+01,5.000000000000000000e+01
3.230000000000000000e+02,5.000000000000000000e+01,7.297700000000000387e+01,5.000000000000000000e+01
3.240000000000000000e+02,5.000000000000000000e+01,7.307299999999999329e+01,5.000000000000000000e+01
3.250000000000000000e+02,5.000000000000000000e+01,7.310500000000000398e+01,5.000000000000000000e+01
3.260000000000000000e+02,5.000000000000000000e+01,7.310500000000000398e+01,5.000000000000000000e+01
3.270000000000000000e+02,5.000000000000000000e+01,7.310500000000000398e+01,5.000000000000000000e+01
3.280000000000000000e+02,5.000000000000000000e+01,7.310500000000000398e+01,5.000000000000000000e+01
3.290000000000000000e+02,5.000000000000000000e+01,7.310500000000000398e+01,5.000000000000000000e+01
3.300000000000000000e+02,5.000000000000000000e+01,7.317000000000000171e+01,5.000000000000000000e+01
3.310000000000000000e+02,5.000000000000000000e+01,7.320199999999999818e+01,5.000000000000000000e+01
3.320000000000000000e+02,5.000000000000000000e+01,7.333100000000000307e+01,5.000000000000000000e+01
3.330000000000000000e+02,5.000000000000000000e+01,7.339600000000000080e+01,5.000000000000000000e+01
3.340000000000000000e+02,5.000000000000000000e+01,7.342799999999999727e+01,5.000000000000000000e+01
3.350000000000000000e+02,5.000000000000000000e+01,7.342799999999999727e+01,5.000000000000000000e+01
3.360000000000000000e+02,5.000000000000000000e+01,7.342799999999999727e+01,5.000000000000000000e+01
3.370000000000000000e+02,5.000000000000000000e+01,7.342799999999999727e+01,5.000000000000000000e+01
3.380000000000000000e+02,5.000000000000000000e+01,7.358899999999999864e+01,5.000000000000000000e+01
3.390000000000000000e+02,5.000000000000000000e+01,7.365300000000000580e+01,5.000000000000000000e+01
3.400000000000000000e+02,5.000000000000000000e+01,7.371800000000000352e+01,5.000000000000000000e+01
3.410000000000000000e+02,5.000000000000000000e+01,7.375000000000000000e+01,5.000000000000000000e+01
3.420000000000000000e+02,5.000000000000000000e+01,7.375000000000000000e+01,5.000000000000000000e+01
3.430000000000000000e+02,5.000000000000000000e+01,7.375000000000000000e+01,5.000000000000000000e+01
3.440000000000000000e+02,5.000000000000000000e+01,7.375000000000000000e+01,5.000000000000000000e+01
3.450000000000000000e+02,5.000000000000000000e+01,7.375000000000000000e+01,5.000000000000000000e+01
3.460000000000000000e+02,5.000000000000000000e+01,7.375000000000000000e+01,5.000000000000000000e+01
3.470000000000000000e+02,5.000000000000000000e+01,7.378199999999999648e+01,5.000000000000000000e+01
3.480000000000000000e+02,5.000000000000000000e+01,7.378199999999999648e+01,5.000000000000000000e+01
3.490000000000000000e+02,5.000000000000000000e+01,7.378199999999999648e+01,5.000000000000000000e+01
3.500000000000000000e+02,5.000000000000000000e+01,7.400799999999999557e+01,5.000000000000000000e+01
3.510000000000000000e+02,5.000000000000000000e+01,7.407200000000000273e+01,5.000000000000000000e+01
3.520000000000000000e+02,5.000000000000000000e+01,7.407200000000000273e+01,5.000000000000000000e+01
3.530000000000000000e+02,5.000000000000000000e+01,7.407200000000000273e+01,5.000000000000000000e+01
3.540000000000000000e+02,5.000000000000000000e+01,7.407200000000000273e+01,5.000000000000000000e+01
3.550000000000000000e+02,5.000000000000000000e+01,7.407200000000000273e+01,5.000000000000000000e+01
3.560000000000000000e+02,5.000000000000000000e+01,7.410399999999999920e+01,5.000000000000000000e+01
3.570000000000000000e+02,5.000000000000000000e+01,7.410399999999999920e+01,5.000000000000000000e+01
3.580000000000000000e+02,5.000000000000000000e+01,7.416899999999999693e+01,5.000000000000000000e+01
3.590000000000000000e+02,5.000000000000000000e+01,7.423300000000000409e+01,5.000000000000000000e+01
3.600000000000000000e+02,5.000000000000000000e+01,7.426600000000000534e+01,5.000000000000000000e+01
3.610000000000000000e+02,5.000000000000000000e+01,7.439499999999999602e+01,5.000000000000000000e+01
3.620000000000000000e+02,5.000000000000000000e+01,7.439499999999999602e+01,5.000000000000000000e+01
3.630000000000000000e+02,5.000000000000000000e+01,7.439499999999999602e+01,5.000000000000000000e+01
3.640000000000000000e+02,5.000000000000000000e+01,7.439499999999999602e+01,5.000000000000000000e+01
3.650000000000000000e+02,5.000000000000000000e+01,7.442700000000000671e+01,5.000000000000000000e+01
3.660000000000000000e+02,5.000000000000000000e+01,7.439499999999999602e+01,5.000000000000000000e+01
3.670000000000000000e+02,5.000000000000000000e+01,7.449099999999999966e+01,5.000000000000000000e+01
3.680000000000000000e+02,5.000000000000000000e+01,7.449099999999999966e+01,5.000000000000000000e+01
3.690000000000000000e+02,5.000000000000000000e+01,7.452299999999999613e+01,5.000000000000000000e+01
3.700000000000000000e+02,5.000000000000000000e+01,7.452299999999999613e+01,5.000000000000000000e+01
3.710000000000000000e+02,5.000000000000000000e+01,7.462000000000000455e+01,5.000000000000000000e+01
3.720000000000000000e+02,5.000000000000000000e+01,7.468500000000000227e+01,5.000000000000000000e+01
3.730000000000000000e+02,5.000000000000000000e+01,7.471699999999999875e+01,5.000000000000000000e+01
3.740000000000000000e+02,5.000000000000000000e+01,7.471699999999999875e+01,5.000000000000000000e+01
3.750000000000000000e+02,5.000000000000000000e+01,7.471699999999999875e+01,5.000000000000000000e+01
3.760000000000000000e+02,5.000000000000000000e+01,7.471699999999999875e+01,5.000000000000000000e+01
3.770000000000000000e+02,5.000000000000000000e+01,7.471699999999999875e+01,5.000000000000000000e+01
3.780000000000000000e+02,5.000000000000000000e+01,7.471699999999999875e+01,5.000000000000000000e+01
3.790000000000000000e+02,5.000000000000000000e+01,7.471699999999999875e+01,5.000000000000000000e+01
3.800000000000000000e+02,5.000000000000000000e+01,7.471699999999999875e+01,5.000000000000000000e+01
3.810000000000000000e+02,5.000000000000000000e+01,7.474899999999999523e+01,5.000000000000000000e+01
3.820000000000000000e+02,5.000000000000000000e+01,7.474899999999999523e+01,5.000000000000000000e+01
3.830000000000000000e+02,5.000000000000000000e+01,7.487800000000000011e+01,5.000000000000000000e+01
3.840000000000000000e+02,5.000000000000000000e+01,7.494199999999999307e+01,5.000000000000000000e+01
3.850000000000000000e+02,5.000000000000000000e+01,7.500700000000000500e+01,5.000000000000000000e+01
3.860000000000000000e+02,5.000000000000000000e+01,7.503900000000000148e+01,5.000000000000000000e+01
3.870000000000000000e+02,5.000000000000000000e+01,7.503900000000000148e+01,5.000000000000000000e+01
3.880000000000000000e+02,5.000000000000000000e+01,7.503900000000000148e+01,5.000000000000000000e+01
3.890000000000000000e+02,5.000000000000000000e+01,7.503900000000000148e+01,5.000000000000000000e+01
3.900000000000000000e+02,5.000000000000000000e+01,7.520000000000000284e+01,5.000000000000000000e+01
3.910000000000000000e+02,5.000000000000000000e+01,7.532899999999999352e+01,5.000000000000000000e+01
3.920000000000000000e+02,5.000000000000000000e+01,7.536100000000000421e+01,5.000000000000000000e+01
3.930000000000000000e+02,5.000000000000000000e+01,7.536100000000000421e+01,5.000000000000000000e+01
3.940000000000000000e+02,5.000000000000000000e+01,7.542600000000000193e+01,5.000000000000000000e+01
3.950000000000000000e+02,5.000000000000000000e+01,7.539400000000000546e+01,5.000000000000000000e+01
3.960000000000000000e+02,5.000000000000000000e+01,7.552200000000000557e+01,5.000000000000000000e+01
3.970000000000000000e+02,5.000000000000000000e+01,7.558700000000000330e+01,5.000000000000000000e+01
3.980000000000000000e+02,5.000000000000000000e+01,7.568399999999999750e+01,5.000000000000000000e+01
3.990000000000000000e+02,5.000000000000000000e+01,7.565099999999999625e+01,5.000000000000000000e+01
4.000000000000000000e+02,5.000000000000000000e+01,7.568399999999999750e+01,5.000000000000000000e+01
4.010000000000000000e+02,5.000000000000000000e+01,7.568399999999999750e+01,5.000000000000000000e+01
4.020000000000000000e+02,5.000000000000000000e+01,7.568399999999999750e+01,5.000000000000000000e+01
4.030000000000000000e+02,5.000000000000000000e+01,7.568399999999999750e+01,5.000000000000000000e+01
4.040000000000000000e+02,5.000000000000000000e+01,7.578000000000000114e+01,5.000000000000000000e+01
4.050000000000000000e+02,5.000000000000000000e+01,7.600600000000000023e+01,5.000000000000000000e+01
4.060000000000000000e+02,5.000000000000000000e+01,7.600600000000000023e+01,5.000000000000000000e+01
4.070000000000000000e+02,5.000000000000000000e+01,7.600600000000000023e+01,5.000000000000000000e+01
4.080000000000000000e+02,5.000000000000000000e+01,7.610299999999999443e+01,5.000000000000000000e+01
4.090000000000000000e+02,5.000000000000000000e+01,7.610299999999999443e+01,5.000000000000000000e+01
4.100000000000000000e+02,5.000000000000000000e+01,7.623099999999999454e+01,5.000000000000000000e+01
4.110000000000000000e+02,5.000000000000000000e+01,7.629600000000000648e+01,5.000000000000000000e+01
4.120000000000000000e+02,5.000000000000000000e+01,7.632800000000000296e+01,5.000000000000000000e+01
4.130000000000000000e+02,5.000000000000000000e+01,7.632800000000000296e+01,5.000000000000000000e+01
4.140000000000000000e+02,5.000000000000000000e+01,7.632800000000000296e+01,5.000000000000000000e+01
4.150000000000000000e+02,5.000000000000000000e+01,7.632800000000000296e+01,5.000000000000000000e+01
4.160000000000000000e+02,5.000000000000000000e+01,7.632800000000000296e+01,5.000000000000000000e+01
4.170000000000000000e+02,5.000000000000000000e+01,7.632800000000000296e+01,5.000000000000000000e+01
4.180000000000000000e+02,5.000000000000000000e+01,7.632800000000000296e+01,5.000000000000000000e+01
4.190000000000000000e+02,5.000000000000000000e+01,7.642499999999999716e+01,5.000000000000000000e+01
4.200000000000000000e+02,5.000000000000000000e+01,7.645699999999999363e+01,5.000000000000000000e+01
4.210000000000000000e+02,5.000000000000000000e+01,7.635999999999999943e+01,5.000000000000000000e+01
4.220000000000000000e+02,5.000000000000000000e+01,7.635999999999999943e+01,5.000000000000000000e+01
4.230000000000000000e+02,5.000000000000000000e+01,7.632800000000000296e+01,5.000000000000000000e+01
4.240000000000000000e+02,5.000000000000000000e+01,7.632800000000000296e+01,5.000000000000000000e+01
4.250000000000000000e+02,5.000000000000000000e+01,7.632800000000000296e+01,5.000000000000000000e+01
4.260000000000000000e+02,5.000000000000000000e+01,7.632800000000000296e+01,5.000000000000000000e+01
4.270000000000000000e+02,5.000000000000000000e+01,7.632800000000000296e+01,5.000000000000000000e+01
4.280000000000000000e+02,5.000000000000000000e+01,7.632800000000000296e+01,5.000000000000000000e+01
4.290000000000000000e+02,5.000000000000000000e+01,7.632800000000000296e+01,5.000000000000000000e+01
4.300000000000000000e+02,5.000000000000000000e+01,7.632800000000000296e+01,5.000000000000000000e+01
4.310000000000000000e+02,5.000000000000000000e+01,7.632800000000000296e+01,5.000000000000000000e+01
4.320000000000000000e+02,5.000000000000000000e+01,7.642499999999999716e+01,5.000000000000000000e+01
4.330000000000000000e+02,5.000000000000000000e+01,7.645699999999999363e+01,5.000000000000000000e+01
4.340000000000000000e+02,5.000000000000000000e+01,7.652100000000000080e+01,5.000000000000000000e+01
4.350000000000000000e+02,5.000000000000000000e+01,7.642499999999999716e+01,5.000000000000000000e+01
4.360000000000000000e+02,5.000000000000000000e+01,7.645699999999999363e+01,5.000000000000000000e+01
4.370000000000000000e+02,5.000000000000000000e+01,7.642499999999999716e+01,5.000000000000000000e+01
4.380000000000000000e+02,5.000000000000000000e+01,7.658599999999999852e+01,5.000000000000000000e+01
4.390000000000000000e+02,5.000000000000000000e+01,7.665000000000000568e+01,5.000000000000000000e+01
4.400000000000000000e+02,5.000000000000000000e+01,7.665000000000000568e+01,5.000000000000000000e+01
4.410000000000000000e+02,5.000000000000000000e+01,7.665000000000000568e+01,5.000000000000000000e+01
4.420000000000000000e+02,5.000000000000000000e+01,7.665000000000000568e+01,5.000000000000000000e+01
4.430000000000000000e+02,5.000000000000000000e+01,7.665000000000000568e+01,5.000000000000000000e+01
4.440000000000000000e+02,5.000000000000000000e+01,7.665000000000000568e+01,5.000000000000000000e+01
4.450000000000000000e+02,5.000000000000000000e+01,7.665000000000000568e+01,5.000000000000000000e+01
4.460000000000000000e+02,5.000000000000000000e+01,7.665000000000000568e+01,5.000000000000000000e+01
4.470000000000000000e+02,5.000000000000000000e+01,7.665000000000000568e+01,5.000000000000000000e+01
4.480000000000000000e+02,5.000000000000000000e+01,7.665000000000000568e+01,5.000000000000000000e+01
4.490000000000000000e+02,5.000000000000000000e+01,7.665000000000000568e+01,5.000000000000000000e+01
4.500000000000000000e+02,5.000000000000000000e+01,7.665000000000000568e+01,5.000000000000000000e+01
4.510000000000000000e+02,5.000000000000000000e+01,7.665000000000000568e+01,5.000000000000000000e+01
4.520000000000000000e+02,5.000000000000000000e+01,7.665000000000000568e+01,5.000000000000000000e+01
4.530000000000000000e+02,5.000000000000000000e+01,7.665000000000000568e+01,5.000000000000000000e+01
4.540000000000000000e+02,5.000000000000000000e+01,7.665000000000000568e+01,5.000000000000000000e+01
4.550000000000000000e+02,5.000000000000000000e+01,7.677899999999999636e+01,5.000000000000000000e+01
4.560000000000000000e+02,5.000000000000000000e+01,7.684399999999999409e+01,5.000000000000000000e+01
4.570000000000000000e+02,5.000000000000000000e+01,7.697299999999999898e+01,5.000000000000000000e+01
4.580000000000000000e+02,5.000000000000000000e+01,7.697299999999999898e+01,5.000000000000000000e+01
4.590000000000000000e+02,5.000000000000000000e+01,7.697299999999999898e+01,5.000000000000000000e+01
4.600000000000000000e+02,5.000000000000000000e+01,7.697299999999999898e+01,5.000000000000000000e+01
4.610000000000000000e+02,5.000000000000000000e+01,7.697299999999999898e+01,5.000000000000000000e+01
4.620000000000000000e+02,5.000000000000000000e+01,7.697299999999999898e+01,5.000000000000000000e+01
4.630000000000000000e+02,5.000000000000000000e+01,7.697299999999999898e+01,5.000000000000000000e+01
4.640000000000000000e+02,5.000000000000000000e+01,7.690800000000000125e+01,5.000000000000000000e+01
4.650000000000000000e+02,5.000000000000000000e+01,7.693999999999999773e+01,5.000000000000000000e+01
4.660000000000000000e+02,5.000000000000000000e+01,7.687600000000000477e+01,5.000000000000000000e+01
4.670000000000000000e+02,5.000000000000000000e+01,7.677899999999999636e+01,5.000000000000000000e+01
4.680000000000000000e+02,5.000000000000000000e+01,7.665000000000000568e+01,5.000000000000000000e+01
4.690000000000000000e+02,5.000000000000000000e+01,7.665000000000000568e+01,5.000000000000000000e+01
4.700000000000000000e+02,5.000000000000000000e+01,7.665000000000000568e+01,5.000000000000000000e+01
4.710000000000000000e+02,5.000000000000000000e+01,7.665000000000000568e+01,5.000000000000000000e+01
4.720000000000000000e+02,5.000000000000000000e+01,7.668300000000000693e+01,5.000000000000000000e+01
4.730000000000000000e+02,5.000000000000000000e+01,7.674699999999999989e+01,5.000000000000000000e+01
4.740000000000000000e+02,5.000000000000000000e+01,7.677899999999999636e+01,5.000000000000000000e+01
4.750000000000000000e+02,5.000000000000000000e+01,7.677899999999999636e+01,5.000000000000000000e+01
4.760000000000000000e+02,5.000000000000000000e+01,7.684399999999999409e+01,5.000000000000000000e+01
4.770000000000000000e+02,5.000000000000000000e+01,7.687600000000000477e+01,5.000000000000000000e+01
4.780000000000000000e+02,5.000000000000000000e+01,7.684399999999999409e+01,5.000000000000000000e+01
4.790000000000000000e+02,5.000000000000000000e+01,7.677899999999999636e+01,5.000000000000000000e+01
4.800000000000000000e+02,5.000000000000000000e+01,7.677899999999999636e+01,5.000000000000000000e+01
4.810000000000000000e+02,5.000000000000000000e+01,7.677899999999999636e+01,5.000000000000000000e+01
4.820000000000000000e+02,5.000000000000000000e+01,7.690800000000000125e+01,5.000000000000000000e+01
4.830000000000000000e+02,5.000000000000000000e+01,7.684399999999999409e+01,5.000000000000000000e+01
4.840000000000000000e+02,5.000000000000000000e+01,7.697299999999999898e+01,5.000000000000000000e+01
4.850000000000000000e+02,5.000000000000000000e+01,7.687600000000000477e+01,5.000000000000000000e+01
4.860000000000000000e+02,5.000000000000000000e+01,7.690800000000000125e+01,5.000000000000000000e+01
4.870000000000000000e+02,5.000000000000000000e+01,7.690800000000000125e+01,5.000000000000000000e+01
4.880000000000000000e+02,5.000000000000000000e+01,7.697299999999999898e+01,5.000000000000000000e+01
4.890000000000000000e+02,5.000000000000000000e+01,7.693999999999999773e+01,5.000000000000000000e+01
4.900000000000000000e+02,5.000000000000000000e+01,7.697299999999999898e+01,5.000000000000000000e+01
4.910000000000000000e+02,5.000000000000000000e+01,7.697299999999999898e+01,5.000000000000000000e+01
4.920000000000000000e+02,5.000000000000000000e+01,7.693999999999999773e+01,5.000000000000000000e+01
4.930000000000000000e+02,5.000000000000000000e+01,7.697299999999999898e+01,5.000000000000000000e+01
4.940000000000000000e+02,5.000000000000000000e+01,7.697299999999999898e+01,5.000000000000000000e+01
4.950000000000000000e+02,5.000000000000000000e+01,7.697299999999999898e+01,5.000000000000000000e+01
4.960000000000000000e+02,5.000000000000000000e+01,7.697299999999999898e+01,5.000000000000000000e+01
4.970000000000000000e+02,5.000000000000000000e+01,7.697299999999999898e+01,5.000000000000000000e+01
4.980000000000000000e+02,5.000000000000000000e+01,7.697299999999999898e+01,5.000000000000000000e+01
4.990000000000000000e+02,5.000000000000000000e+01,7.697299999999999898e+01,5.000000000000000000e+01
5.000000000000000000e+02,5.000000000000000000e+01,7.697299999999999898e+01,5.000000000000000000e+01
5.010000000000000000e+02,5.000000000000000000e+01,7.697299999999999898e+01,5.000000000000000000e+01
5.020000000000000000e+02,5.000000000000000000e+01,7.697299999999999898e+01,5.000000000000000000e+01
5.030000000000000000e+02,5.000000000000000000e+01,7.697299999999999898e+01,5.000000000000000000e+01
5.040000000000000000e+02,5.000000000000000000e+01,7.697299999999999898e+01,5.000000000000000000e+01
5.050000000000000000e+02,5.000000000000000000e+01,7.697299999999999898e+01,5.000000000000000000e+01
5.060000000000000000e+02,5.000000000000000000e+01,7.697299999999999898e+01,5.000000000000000000e+01
5.070000000000000000e+02,5.000000000000000000e+01,7.697299999999999898e+01,5.000000000000000000e+01
5.080000000000000000e+02,5.000000000000000000e+01,7.713400000000000034e+01,5.000000000000000000e+01
5.090000000000000000e+02,5.000000000000000000e+01,7.700499999999999545e+01,5.000000000000000000e+01
5.100000000000000000e+02,5.000000000000000000e+01,7.700499999999999545e+01,5.000000000000000000e+01
5.110000000000000000e+02,5.000000000000000000e+01,7.697299999999999898e+01,5.000000000000000000e+01
5.120000000000000000e+02,5.000000000000000000e+01,7.697299999999999898e+01,5.000000000000000000e+01
5.130000000000000000e+02,5.000000000000000000e+01,7.697299999999999898e+01,5.000000000000000000e+01
5.140000000000000000e+02,5.000000000000000000e+01,7.700499999999999545e+01,5.000000000000000000e+01
5.150000000000000000e+02,5.000000000000000000e+01,7.697299999999999898e+01,5.000000000000000000e+01
5.160000000000000000e+02,5.000000000000000000e+01,7.703700000000000614e+01,5.000000000000000000e+01
5.170000000000000000e+02,5.000000000000000000e+01,7.713400000000000034e+01,5.000000000000000000e+01
5.180000000000000000e+02,5.000000000000000000e+01,7.719799999999999329e+01,5.000000000000000000e+01
5.190000000000000000e+02,5.000000000000000000e+01,7.719799999999999329e+01,5.000000000000000000e+01
5.200000000000000000e+02,5.000000000000000000e+01,7.726300000000000523e+01,5.000000000000000000e+01
5.210000000000000000e+02,5.000000000000000000e+01,7.726300000000000523e+01,5.000000000000000000e+01
5.220000000000000000e+02,5.000000000000000000e+01,7.716599999999999682e+01,5.000000000000000000e+01
5.230000000000000000e+02,5.000000000000000000e+01,7.710200000000000387e+01,5.000000000000000000e+01
5.240000000000000000e+02,5.000000000000000000e+01,7.719799999999999329e+01,5.000000000000000000e+01
5.250000000000000000e+02,5.000000000000000000e+01,7.729500000000000171e+01,5.000000000000000000e+01
5.260000000000000000e+02,5.000000000000000000e+01,7.729500000000000171e+01,5.000000000000000000e+01
5.270000000000000000e+02,5.000000000000000000e+01,7.729500000000000171e+01,5.000000000000000000e+01
5.280000000000000000e+02,5.000000000000000000e+01,7.729500000000000171e+01,5.000000000000000000e+01
